770
2631 20
28844 95646 53154 27196 41551 48846 91910 65968 46628 98470 51443 72913 92325 86463 49839 39248 63405 11334 72613 30747
1478 20
29736 81910 56764 95287 31959 59763 21990 29280 16091 11030 70272 40915 94114 89956 99281 44076 3165 94760 88154 16541
3597 20
40462 30212 95110 43268 15572 44464 11413 10118 37962 76133 90138 43181 26650 84345 90342 82493 12667 73670 55285 59146
5172 20
51447 57499 4624 78612 70466 52269 6742 17102 52564 57587 40985 22553 863 71104 45727 8430 24432 67828 5955 32583
1401 20
21662 36831 18325 32087 99567 40839 88283 25313 59882 89744 35776 650 63603 33765 10209 4430 85309 63672 77727 41249
5065 19
32542 28614 40458 9950 71471 311 6870 20130 3096 69453 75917 99038 63892 77520 71880 28703 62380 89812 99758
2595 20
68600 24051 74434 65394 6211 14294 53077 47277 7402 43589 89403 20237 37988 99774 85163 21527 32210 58789 56102 4574
7197 19
33752 79354 40527 45087 9789 70548 60373 57881 37221 35493 57825 50884 22905 29183 47711 32052 85002 23852 17486
8696 20
35619 45104 44776 86267 17085 89554 3876 87902 38304 24855 77630 82092 78115 2284 82577 94634 66416 42488 5076 65791
9487 20
24335 64606 42850 62805 32525 32426 98040 76083 26750 6038 75819 54543 30970 32950 2958 75389 35812 72923 9282 52169
9692 17
991 12574 90107 94674 59362 89000 4046 53196 17138 49181 6893 38246 70740 10196 45235 44492 95232
3454 19
61351 98346 52330 32422 4898 19304 7321 79703 31384 65309 65984 65362 84783 19732 34871 9148 65778 55062 68136
9294 20
42080 72711 16973 96726 23597 68640 97076 42870 89243 7009 57516 37909 747 37479 48181 54341 59429 87581 33522 57295
661 20
48941 87312 32402 83190 46618 77606 50977 25973 15297 26557 49350 31489 55860 41272 44823 15973 86001 9112 5110 66405
2995 18
21413 74081 1247 34544 52146 43436 9318 19261 18246 57138 63121 30202 52134 19577 30414 5441 84242 5274
1133 20
89093 48670 67618 35861 41188 21741 20708 87020 41625 20269 4635 80544 50898 23940 6023 84375 23045 24559 22869 28103
7358 20
8226 6016 41726 81897 46729 65508 65619 36550 63957 45114 59605 34271 81543 47834 46203 30585 67570 34122 51487 88944
8728 19
71936 35203 33260 69082 65433 50050 87702 32405 56671 10134 74374 73194 74978 35881 72584 47730 18116 81479 15654
1606 19
70957 22806 70198 14572 16695 443 89988 87052 82204 70712 74681 81083 60313 73298 5223 92791 93400 81745 95307
2830 20
73779 43765 27169 2816 85802 50999 24754 93477 11521 52506 81508 66058 69904 17347 2023 22923 62515 74125 3571 65030
1949 20
24096 18968 82966 71256 98832 52845 2883 63589 5658 7767 96757 99572 99686 77607 75188 21318 29512 46254 41367 1416
5311 19
88308 47594 27 73422 85283 52285 82953 37385 75001 71301 41168 81510 56186 66267 5980 26765 40337 31674 76763
3340 18
89643 82696 96673 54815 23964 77225 8177 76201 37866 7453 31484 66710 34884 64382 45755 46621 33191 1489
4275 20
46631 60857 63686 80892 86342 47970 99148 21220 70417 71821 2809 4338 32042 39744 95189 86091 80800 93416 98905 92110
5006 19
54408 54828 50106 68314 21514 30427 91079 53649 6050 25614 12938 18289 57867 64415 76702 46101 95257 35815 39830
349 20
83215 64201 17897 92378 45706 49971 10212 55168 56492 71808 20469 87536 18167 97265 93253 39545 59352 73350 99807 34171
6134 20
88845 8314 20223 28511 59575 15130 15983 16441 83989 14464 46847 72197 54442 58272 21341 84770 53746 3 93362 17304
6977 17
66128 32183 70449 71114 50143 34286 75975 32393 26326 17293 1942 99975 97203 16614 48057 70124 99006
417 20
1989 6910 94957 53611 54617 35858 275 15324 96586 66048 10368 24763 99685 93582 60189 47041 23860 42052 67351 95889
7218 20
75619 53763 17868 42873 41014 91340 51664 46565 67526 32922 9385 10604 19101 45458 68180 21624 7404 49821 58235 88476
5337 19
35646 73977 34927 64465 76649 89116 672 64741 78638 44852 25542 89207 91595 62762 39789 85424 21581 83241 24497
9647 19
6639 93830 20992 36874 77077 22523 36307 29392 69201 25354 15121 35547 14951 3723 46419 25514 24037 95318 47109
6017 19
47062 81823 80407 27909 76518 24947 46107 23138 908 13927 76080 90235 97607 96869 90217 99079 44017 36596 99549
2664 19
52093 54995 84514 69525 70202 65434 57718 47150 73448 47589 80596 57976 96111 31295 73485 91693 60287 30059 39531
1561 18
30326 71237 38789 92091 25619 18027 58267 92126 9880 16710 37006 87458 53032 16984 90433 5669 37612 27889
7833 20
48921 80729 81100 15040 75439 28263 13413 27970 13335 6455 25955 76171 17284 55296 951 65603 77924 82706 28929 96292
8839 19
73517 13780 93992 11548 81713 62467 17418 61444 25692 80409 4964 15830 66404 30601 79479 48420 24954 25978 76776
6185 19
43886 10957 64503 26521 88182 94908 13777 85140 80553 39140 75533 1550 81670 50605 47875 53631 4259 92901 49168
7287 18
31985 75752 35972 9724 70999 91452 56179 31373 51665 12943 47716 53773 35538 67875 18785 73935 41289 84244
7709 19
99195 24499 28069 69407 71892 9816 58854 6194 78733 23021 56021 67654 91415 53259 88615 70512 80735 37972 17174
7072 19
23190 95736 17708 39286 3659 96718 60880 95521 23931 52746 26289 80706 73842 28666 14344 90714 96889 97556 72820
6464 18
78557 73781 58880 71231 73743 49221 42483 37271 70117 7568 84763 66338 51166 88610 42093 7421 8972 19163
9836 20
15151 78858 64956 79991 86374 32683 72558 92220 84746 85288 54368 65991 46523 10156 37094 34747 49563 32046 63244 93608
9985 19
5474 86708 18118 352 81477 35989 4521 95315 81469 46976 43277 39791 57997 13262 94829 27065 44342 31641 71651
6468 20
33024 70998 45359 52653 12308 38772 39842 6743 5418 29476 93445 60710 84678 2730 85490 43956 3664 15038 81275 68680
1420 19
76512 27803 26410 18028 72371 28783 88102 74425 89894 20791 11526 24206 24401 46426 80524 39276 82035 1597 84686
6715 18
35878 70288 49510 96008 9544 69349 94724 95314 3598 68116 34769 21077 98111 26822 67956 75926 92033 1147
7050 20
53270 13613 34199 40683 37230 11958 63853 85014 79055 21397 54619 37315 66657 45019 57452 39815 41269 35575 6540 84806
9847 20
40102 53569 49572 25360 83320 76930 96190 11764 81346 83562 98774 67470 90236 51583 34886 42249 31148 86436 37905 85170
5272 17
37152 6228 26000 54677 14946 18631 83652 52185 49264 37339 38740 37519 79790 44610 8396 50995 82744
9060 19
17460 91847 85768 78524 75184 15588 58438 32288 49125 82115 73534 30539 2832 39421 51498 28418 47744 3631 21954
165 19
70232 77458 56855 28355 37089 6338 82111 76135 81958 78600 57068 71402 78531 77356 91426 51720 33518 29967 88798
9221 19
76388 57012 19985 67088 26344 74554 24514 70487 25306 52725 29873 90500 83297 88825 86722 93774 8245 88738 84026
6550 19
94970 97138 10051 35700 31067 49892 65313 11530 97857 7958 93066 63103 12759 33058 80912 57286 85050 57527 16395
6588 20
60125 88210 19537 75995 48982 50826 49067 50809 7618 42352 66794 98341 1988 82960 38766 2159 75758 47631 37636 36766
3301 20
25109 89106 1990 31788 96993 19561 8738 16442 40547 4023 4947 38908 19556 92476 2972 87044 71697 17449 35755 70229
7164 20
16300 88532 51927 46932 93598 11034 22616 51026 11250 1665 26683 11969 92743 59655 89788 4667 15824 1126 32675 43695
4241 19
65406 22983 57750 63342 28901 11817 80956 62174 87208 32512 39604 94093 64581 69432 23074 72229 5812 16678 66206
8384 20
29310 76168 27699 71023 79781 90223 84313 24067 67329 15212 84933 67804 45614 54344 4986 37923 69826 34713 81966 89482
1065 19
77947 91882 87160 78289 73016 93966 56400 54970 9015 76483 33295 36080 88148 59899 39346 28543 50281 9836 95946
8591 18
31632 10379 50910 84079 55863 31112 79328 4367 30074 78446 94483 64419 92938 60267 60237 2595 49613 58214
3313 19
15087 29810 39101 21240 78315 27001 16056 55400 69247 61534 27145 76838 97791 29372 86764 13500 54001 15393 12670
5971 19
29132 22135 38344 22971 30555 74513 36326 83747 37400 48281 66882 70249 29902 46878 26586 59170 89985 17058 33269
6236 20
95663 46152 89336 72514 26472 74537 37495 85494 49075 43916 71100 88550 89773 67257 89011 6736 31748 23755 21997 97316
2708 20
82422 64931 43114 96552 14008 57484 14779 96343 58419 73774 34517 28024 74184 39506 42940 56282 83932 37677 46311 75651
5654 18
58774 55252 49319 47669 3479 26060 89846 13720 26456 83268 59164 42559 80070 87670 3565 10907 8560 94010
3525 18
60690 22992 53202 39839 33222 88124 26248 28338 4701 9648 72796 5122 89782 54655 97816 80204 11729 99793
5917 20
95004 27465 26981 22198 49539 40222 10382 65539 61491 62847 67427 44745 61071 43678 84627 80670 78933 27251 75324 8769
1356 20
83283 52190 15920 73445 49706 77787 89796 40507 56979 61543 74453 1718 98328 70779 66975 63860 57786 7850 74656 13975
6370 20
33734 88380 46583 427 32239 37690 34253 18097 91160 32566 94898 93870 93433 3501 84683 48312 43840 60385 40362 25601
706 17
20841 2800 13147 33992 15331 28375 2442 10091 9322 90300 1804 68665 20981 96598 10130 21956 27067
3050 15
7507 17096 20053 89911 80440 31709 57053 55851 41617 50044 77035 63291 69020 14042 20139
5878 19
24235 69799 76678 98054 26382 66952 54676 31596 99054 40835 77185 59590 74694 44649 560 37761 84287 3227 9243
4871 20
920 12492 79041 29616 52743 42134 10014 2030 11543 55914 58146 68337 17652 50357 83073 98377 18945 17164 66996 72701
1551 18
57630 56068 37223 9404 57225 8504 4790 2684 97317 68416 88606 44066 60973 34746 12481 51535 41567 21609
9951 20
30746 79279 99083 23612 51430 44718 29724 93979 49895 98805 30497 64155 77165 50703 15113 59129 75166 50730 6896 83863
4713 20
7840 20958 42024 16018 72070 4500 47016 6256 15110 97498 15233 2430 70362 79089 18798 344 86903 55232 20393 76521
1721 18
96680 1328 66601 97360 92021 12941 12706 26762 75648 9681 13436 1271 45900 29998 6368 979 46182 49144
1812 20
90159 89310 81393 52135 40192 89741 97811 38890 66766 85113 78702 53322 87752 86931 87679 65584 26813 54479 78892 52496
5030 20
36814 35724 8186 66633 1763 82133 53718 90423 10444 57136 30735 36144 52071 42899 99897 98456 19728 44278 63887 43874
6871 19
40071 599 47629 87851 67662 31515 12282 59306 42836 75548 36149 80127 74615 74736 16615 59246 66013 39044 13601
2943 20
89074 42824 10040 34734 14627 36728 35038 19155 56395 38998 44522 11954 4916 61497 68429 56722 68857 48077 8051 90985
8679 18
59905 24578 22541 53446 4751 72105 11756 72708 31354 8456 80923 84389 95335 9977 32609 91990 69152 80286
4355 19
55999 62148 73320 57430 45052 87950 1478 7753 56024 50139 81916 51294 98644 28851 13807 62132 26051 47254 60822
2013 19
92691 53835 31217 65444 23008 25257 71968 64823 44499 51428 79480 16225 51244 95549 58155 22440 9792 64668 41015
2590 20
59603 58315 54953 97615 34053 43951 83513 70859 78111 45635 29997 37688 5742 48875 24522 45069 66541 90452 42927 81087
401 20
76985 17057 5896 76566 56920 13170 58449 2236 54414 4749 45239 13769 26745 61483 75380 48257 37875 88244 86633 20960
2047 19
31450 16869 65400 85450 16253 81296 28650 75276 7932 37522 5708 956 80520 75223 44463 19298 94556 29083 10296
2235 19
18597 56327 81026 65586 75038 95174 47269 39343 91372 60651 71171 90978 91502 94805 19971 4980 34107 31664 24426
1966 17
96754 69105 79121 32503 89946 22877 83505 51362 78308 57809 14222 83275 18759 44201 8523 42289 60672
6213 19
63457 77424 10865 13393 29136 94635 72552 46054 82724 63817 51875 9811 64840 29045 32725 95472 58212 40932 82901
3761 20
11607 51684 32960 63048 9296 41286 97569 36152 58738 39340 55676 68579 6914 69288 68646 55714 88316 89142 95687 18111
136 20
59229 89139 44802 13761 40032 91654 56992 80739 30890 62274 59705 77442 58009 96918 71630 26421 98607 43787 13762 82340
684 18
76599 59709 47959 96289 89530 3569 18534 62168 77143 76404 29962 7471 6642 90353 78566 17968 75396 63941
8982 16
59681 66278 22153 5325 61247 20310 47826 76643 64244 86490 87726 39197 79323 80064 89082 60915
6446 20
26401 15900 97353 66792 68545 68205 46530 53448 69144 69387 36923 35735 27618 83774 98393 35871 99013 78839 10142 58291
5730 16
24823 17026 97370 15805 99539 7350 37474 63395 21283 34036 97162 5509 67271 69449 91283 51948
2269 20
13151 68373 36013 77141 83406 54550 7341 37632 27432 25367 24443 96431 16400 77337 54049 48995 21349 79711 60244 96225
8124 19
24203 92010 60124 17381 91445 43674 16017 73964 63901 96909 47515 64953 77569 20796 74777 9262 42355 69653 93906
3459 20
33307 1678 87515 77920 8575 57400 24874 17120 22522 25755 87562 75515 71217 55157 65964 10876 12206 53358 28136 97886
7984 19
44930 27980 57104 6981 7690 38861 57279 91557 40900 55615 78896 88120 97991 96995 83098 98660 59248 60574 56008
3130 18
88641 56914 23567 26726 74193 74557 21113 79652 92289 51923 61595 31519 1414 82904 71423 16468 33482 59713
7843 20
20265 17796 13585 31208 40070 5667 9698 99266 45791 15016 3970 75591 40884 44404 31352 74467 42817 77573 38684 9526
8530 20
11503 81373 87719 5892 26138 53582 59089 88957 32631 2304 20859 16064 42760 19448 98024 99723 22968 96213 27044 82458
3428 20
612 47401 28439 69864 36727 51354 44929 88298 49856 97430 49358 71379 56796 53296 25787 94797 87468 63123 39161 61709
1390 18
34984 16486 93172 42695 27045 91844 35068 10923 52498 64952 44031 77440 77629 21207 73468 54901 36942 16117
1453 20
17714 25123 54983 15385 56190 28208 24651 38811 66733 39332 49749 74243 1339 59341 61255 12015 70749 68226 51412 22832
438 19
66969 35391 83889 99274 35054 32649 42082 15813 80223 11330 66175 69232 60434 89610 38629 79345 26861 63712 27092
4775 19
39341 78072 85930 63833 80663 3796 51815 30257 56806 27594 44376 18438 82844 76773 46064 22934 24571 75465 40231
2044 19
29958 39554 69029 71861 27066 89068 25945 63471 64546 92294 79761 7230 69976 90947 34336 2766 73699 63723 84863
4951 18
60464 83976 54317 96872 60946 17168 17051 47056 80866 4648 94786 99435 84586 9077 81802 97325 58531 79988
7922 19
71172 98150 50517 28021 44733 97664 40713 55821 60934 53090 98409 68941 27539 59814 66895 93038 27402 87544 30135
1963 20
36219 41579 22925 47421 21730 53039 77314 41118 27447 85379 41602 65636 60410 41207 70641 6107 95370 61203 33341 36653
2610 20
1382 65479 61304 49113 77032 48043 39325 89240 66708 4174 7820 74761 25060 53356 30494 52297 11071 10458 48745 71113
2079 20
81842 82091 18985 87837 87813 3333 10174 9323 47464 49627 13037 60294 65350 96654 24382 58472 72866 87657 49369 22275
6976 20
81336 89056 92586 97336 11231 2163 56081 92699 97119 69510 89120 74902 32712 66507 34239 26150 60936 80822 64849 33516
1557 17
3194 79620 23157 2858 11168 5566 64895 5543 85028 49134 8127 13668 60485 657 24504 69284 23294
29 18
93750 80532 77682 66311 68449 12708 33042 69361 80009 55674 33336 68691 77350 99675 97733 50056 23600 69534
9101 18
6785 64819 86821 19066 58552 77147 37049 50232 82354 48757 81259 29575 21606 10730 75021 45693 53852 72384
379 18
60701 50125 58268 83468 49135 86948 97853 93399 40299 32075 6458 48493 89172 39454 72588 64684 47267 97232
5551 20
2017 82686 16393 42531 49872 40140 25876 2528 46752 53504 96884 2612 12935 42489 29773 99068 69726 35382 61909 30948
2892 19
51425 30672 26190 51820 85247 50451 37513 56667 55996 15090 20135 74543 20815 53745 9474 4658 72634 10531 69949
9821 20
53120 63208 39547 63571 59651 91297 32324 21714 93674 39084 58818 47720 56717 81806 78544 13743 77756 98068 95071 50004
4286 19
68496 20151 73082 66223 8873 36066 24471 98587 97766 59139 68748 39682 25702 74607 37881 30247 19737 36134 94078
6079 17
81771 36151 15659 16853 80276 77000 76709 22024 12844 26665 61223 97034 72673 49 49798 51612 10997
8902 18
33301 22675 45112 94621 37332 22065 32830 18407 60157 38268 42818 24014 40132 39516 45574 96807 63862 31122
6416 19
92349 45119 10158 52550 57172 15413 5425 10699 20964 99308 16620 31915 66830 95684 56390 81253 47968 90005 74318
4828 20
19797 80928 94398 54907 45350 91043 18825 91838 24457 30359 66981 28147 51609 80393 32776 41459 24202 44288 11114 21408
7841 19
53855 51679 13603 47100 18316 24318 59880 91832 29602 29245 38953 73346 48987 34294 17413 32406 72893 40280 92195
6702 19
32460 89309 25794 18442 19296 36390 25065 65657 45821 46273 22817 75983 76843 41999 8808 81785 93166 63639 50753
5873 20
51111 42960 71845 52916 49162 80581 64148 25664 54746 72106 10884 31494 34432 30683 68214 76811 97334 11228 45383 26816
2394 19
47576 34607 94214 40639 96142 36757 83514 1998 63799 25967 43263 95029 73569 6758 20575 12871 36193 9796 29201
2798 18
62930 13972 5547 90997 55073 74714 25320 24639 58337 28463 39151 96876 7485 79291 3363 51701 2298 36023
7491 18
32661 60681 24104 14389 29611 21049 39743 67568 89044 70505 75423 25513 39338 6316 43424 48935 8221 69142
6633 19
3560 97717 48990 66888 63971 78792 28747 27148 23120 50672 7343 13722 4861 71810 12603 38820 91131 46796 69673
3038 19
77961 87132 35781 39108 74535 69583 39175 6670 78023 15187 77621 54771 6021 85081 42724 15116 83715 87299 88556
9275 19
10678 65439 5993 54384 84400 46024 73807 20719 44588 52454 74937 24056 81883 34618 55292 96050 68647 27217 96342
4855 19
21275 49002 1671 85241 54726 96302 96900 61253 51015 44135 42704 60112 68090 48909 46226 50795 61824 74976 66955
993 19
37640 5913 15551 93522 98506 73163 73605 65658 98571 82869 96099 1939 76936 61584 62743 3923 2896 81791 83276
363 19
31948 37433 80368 16716 11267 97712 78075 97688 96606 42838 90068 53736 90484 82794 53122 65294 33729 40487 66598
7088 19
94375 8412 27637 75544 27839 21222 24928 67545 57061 8631 29514 10166 58188 85703 4075 97301 45307 42986 23859
5957 19
12683 93648 73285 16118 9519 14059 69655 16538 92937 4178 30236 45400 7362 38263 56863 41798 15857 11601 69754
8181 18
82963 39996 15098 76450 45999 80560 83126 49564 34337 7259 52171 23141 74272 59532 29408 37489 56597 40430
5450 20
57511 82616 22566 52840 68959 59419 57238 38670 53752 14522 71235 63132 72058 23928 65428 77409 56603 15446 29993 53725
9760 19
54485 74169 31786 22413 10930 70395 18717 17563 37745 13954 88970 24160 79470 74916 36057 55041 88640 14682 91632
9182 19
58359 90879 44973 30453 93808 70878 31401 74689 85098 37440 70696 53019 95891 83200 90723 69375 22630 52385 58196
2052 20
13676 51552 9028 23868 35474 24808 47943 81526 9021 17373 19915 67938 79375 67046 51723 41650 90795 23671 4242 3675
9051 17
59432 78181 34089 28675 36707 13561 1436 94431 78732 81217 62255 90296 5714 29362 20347 13356 49720
7512 20
26310 13473 74 35094 60390 32530 8122 90572 88722 64121 25400 64757 45226 2705 76456 50060 76140 50160 93792 63912
8093 17
89863 53286 34533 84931 1934 15847 3141 17236 5675 11320 97945 22993 46747 93112 39976 35669 18541
4246 18
79660 9858 23821 75618 21451 8708 4405 84822 32000 66005 44035 53527 42037 38259 59780 67222 81796 64689
4387 20
58918 94306 31932 40894 87709 35950 67898 56953 13442 5374 25562 72096 9395 71236 65472 72884 58327 99666 78543 40262
1071 19
32627 95206 63642 6887 6476 40591 16958 95131 95444 51129 54740 72878 71649 69803 58381 18563 37300 93264 15724
1349 19
28366 22375 94002 45850 11511 19353 74174 82237 75381 17539 56202 42110 32056 50069 8164 86640 63894 44508 75694
2783 18
38236 52842 14714 42792 23568 63986 86454 85089 50528 71281 93047 56288 95945 59093 441 76368 17055 7560
1743 19
65475 29366 24269 20821 94296 50750 23621 23004 11480 12591 89597 50948 87627 76602 9692 68503 34912 80002 24247
7201 19
75421 1870 46664 33173 97303 98275 95419 7886 71207 2668 71365 81726 17893 5891 54759 23777 22662 76802 38846
3215 19
97697 28626 87224 87041 76153 17979 23408 85996 45484 94834 56506 16565 29694 9127 56551 19258 48973 12289 85233
4431 20
55114 28784 7277 60032 63847 41381 17664 91132 86464 5799 74076 27275 18859 41337 55444 45797 79125 57498 38796 14772
9596 17
68283 28257 92897 46877 36022 70628 62020 82845 350 83745 36722 52255 74803 24317 6407 58817 83441
1556 19
27036 31645 94060 19297 39198 6231 10303 26954 91670 70486 16757 67871 40897 99500 30508 53033 82565 18307 74855
245 18
12185 19063 26545 49980 74282 42277 67961 9366 35988 85377 13505 21775 43905 33358 95513 21579 93787 82311
7078 18
6535 33797 18627 83541 64421 29359 2187 26141 51012 73397 74044 43578 94088 37913 13571 61642 64525 65959
6897 19
56907 95402 83304 28038 71074 14860 10856 3932 87937 54263 6564 43423 14925 48793 75602 16476 73295 54084 37550
5604 20
88745 9206 98615 83808 9978 26363 26512 42354 3229 21085 83291 89538 19539 63689 63423 74267 60539 98019 95456 75707
2115 20
57393 56546 631 52372 56731 70698 30329 99970 67550 40196 44940 50089 82299 3811 72783 62652 36470 54155 99988 28285
1618 20
30016 59773 98289 41190 34808 30245 87687 19733 97250 2216 37148 89628 52505 39408 59552 81907 27330 43601 36 16210
1045 20
17105 25087 20595 95978 77344 63622 90560 21886 41485 54028 20566 44114 43439 87873 56316 91949 29992 39892 38313 49560
7739 16
69544 11215 42148 58625 67403 93056 43944 96318 18705 19893 35185 34932 20740 17861 91052 14132
4891 19
4167 95816 81515 68083 38593 45691 28857 4718 55497 23737 35489 99788 74078 23732 28267 42432 49811 28246 4689
6327 19
75885 69984 28670 17312 13024 29164 30559 4165 73051 54813 85312 81507 30031 18304 49531 20231 97058 44738 17976
4393 18
41944 37998 77553 71227 23274 45930 83247 45703 7129 95520 61800 34591 90953 56902 96102 1359 92230 28106
2375 18
29920 68368 37447 20658 59676 34782 15912 50227 93719 7137 72883 10711 66067 7000 11564 23324 81737 72134
2023 20
44072 19183 89505 14117 10811 4709 71120 68558 68773 25754 65288 65821 32472 29948 80121 3966 64230 17888 96004 16809
3156 17
60921 70022 41816 44433 17659 48445 93278 41314 20300 18056 82727 50115 5883 69169 68184 43827 94725
5635 19
71504 43377 86870 58156 54205 94606 61221 25642 60210 72732 32143 57236 21248 13394 85062 37473 76916 50090 23086
3092 18
56358 18211 77378 41758 28130 30594 53688 43220 52121 52667 31908 30153 97590 45266 68998 61478 76547 85027
9200 18
95783 40998 49335 23736 5786 75076 72874 94798 26733 90870 81025 86219 59635 15517 8628 13319 23611 21877
7839 19
53652 80364 56161 24635 33866 99122 60653 74508 26812 94038 16484 25222 33645 66130 4628 13704 25682 99997 67734
4074 20
2184 22232 75565 60749 95481 92803 66165 33235 7282 15039 47160 87003 95431 39999 40629 87243 71391 99133 31062 87114
4486 19
18005 32414 2710 98899 58740 32430 92910 85850 84361 15357 62927 79014 89647 88634 7655 32746 64356 66033 3231
500 18
57125 91652 66310 83347 58655 98148 78037 25274 65414 62468 99206 71608 23993 53816 94222 22226 22260 98225
6152 14
28053 5991 71306 14160 6747 94538 6315 3713 75597 71362 23049 16806 24180 33034
9007 20
81262 60182 80618 14445 4163 59658 12347 43561 14134 20795 44806 20561 29593 80807 92554 35901 95500 83338 84699 5882
9926 19
60582 88696 93284 90990 60362 71798 78372 83446 47992 61502 56215 85636 31119 84581 64989 28125 81947 96756 51440
3220 17
8620 19603 27113 94160 90438 54555 8025 20613 82464 24106 47995 37185 54061 80587 57394 54112 50392
9855 20
60258 74200 83257 45533 55738 34698 84226 89198 14014 94033 64392 21342 79077 31629 2999 56073 18568 51479 24583 69233
5202 17
18250 60356 31782 86155 19273 21096 65496 84690 58369 62898 97824 34541 24818 87187 84619 70761 15311
8366 17
92987 85671 28568 42380 10967 83581 90808 83744 42059 48329 53228 6347 69000 38146 65423 87384 57116
6338 18
99700 12190 60792 87196 95615 14542 90076 24605 84191 50679 68607 73241 28228 45550 97460 85867 3993 87956
9701 20
65966 27268 25174 1525 1052 8094 31395 15781 2818 68342 91110 62016 51074 83698 72243 31118 8182 15834 82937 86794
1661 20
24511 85544 148 52131 38934 31834 63329 54200 78657 11558 39745 99581 61243 51298 24792 88907 35534 41620 75322 86486
7044 19
68706 5434 32077 19378 7181 1137 3822 35737 95244 31924 97215 80696 74382 64793 31676 2768 40101 47887 28427
8587 19
67325 4685 62910 76951 56007 61696 64378 35465 37892 89433 96446 44756 2274 32612 61852 47251 79082 75555 39498
6805 19
8175 5852 63182 87313 12103 12320 4740 21120 83178 49444 72651 83935 6252 7080 96088 51279 85071 20240 59020
147 19
85475 37898 25669 55169 77014 37483 53926 37740 14550 52718 63425 73296 19749 94927 22178 10586 68662 35845 88118
1803 20
11354 55820 66257 6187 40407 20220 4746 88812 30171 99296 99959 65450 15430 29714 49557 60834 74092 90642 4666 39287
8717 19
62598 75814 92231 85591 561 5540 15790 37199 92915 5045 15628 16116 32028 79015 51551 12431 21379 41006 58355
8791 19
77912 7524 86695 7772 91907 68515 10195 70762 32205 58323 55805 40812 99958 73654 5851 95022 67079 27407 89708
1037 18
91667 36246 59078 46511 43317 11076 89697 59650 90410 38137 17608 67113 97148 90382 23309 61415 86998 83452
177 18
56212 95196 74013 35086 79625 32108 58466 68856 24856 38787 859 58838 63728 41033 86060 56541 45612 722
8492 19
17683 50772 97644 559 1799 16249 51312 68276 55838 80257 52401 17689 23108 42043 9358 95341 55423 35518 48367
673 19
73053 37068 58881 17215 46508 72520 50079 96349 29444 44256 93437 59134 42583 92933 97092 20178 4694 74144 65306
7075 18
26973 99835 92121 86304 80133 37195 2387 66289 27107 91201 71055 29624 88983 17920 52111 92755 69741 753
1640 18
80930 18860 91380 10173 17916 45754 7256 57479 21242 61934 82408 230 5558 45617 97768 46517 33249 28535
180 20
22770 56086 52970 71005 98128 862 79716 3243 20863 72660 75870 84541 97815 53633 57753 65750 31588 87213 35394 54866
3406 19
39556 22649 28551 67680 2525 55139 82917 53507 3749 37390 86556 77535 82683 84299 66604 2838 36740 33196 91345
6215 18
17113 4949 29973 23386 11421 16553 94148 52762 4744 24129 2140 14576 56408 67089 94517 45216 49415 96662
9469 18
31650 99494 62718 43010 35641 11627 33135 78113 31485 30660 4172 39753 90241 47485 8036 81909 24870 38285
7602 19
19354 16194 57756 55866 51179 92992 68971 35322 8564 73009 69532 35406 93420 84010 24569 66308 62940 46366 20107
5956 18
61150 73217 1566 33959 51647 57377 66314 65480 81811 92215 83263 93419 7784 62969 34372 23111 18497 89882
7747 18
83130 59915 75420 60059 92543 71937 38767 48522 8911 42904 96160 86558 38585 63041 30365 25528 23214 86636
1316 18
2024 8399 54062 76036 40854 47191 91966 42573 31724 11195 53426 67807 9602 16101 27652 88579 39821 16199
1485 19
50290 45290 63188 17274 91393 47028 68201 68523 1268 74662 18868 76026 22952 56084 4679 33775 9283 87854 55995
4717 18
56201 65413 2654 29078 36568 51880 3319 86264 67252 43891 61195 61563 81351 28190 26828 49956 12998 79767
4320 20
22018 18150 77437 64836 72292 33109 38599 830 69719 23979 62707 6675 89483 1680 61953 42132 17619 48582 20351 15289
7702 19
44431 44954 69145 29319 42188 22798 10293 23592 68778 95141 8305 84473 89217 57316 45200 81986 9761 5790 129
6979 19
89839 41474 32591 40294 57859 71799 71246 93347 41412 21211 30325 25493 15498 8991 43631 3425 18600 22906 76206
6235 20
54675 98310 2510 89751 51514 33564 21213 14188 78483 27975 20599 23126 10813 67868 16201 74048 89434 85956 44347 43368
5583 18
63516 53929 79473 4516 68806 34270 59162 90531 82006 8187 56583 7432 44755 45946 31047 26392 34931 21855
293 16
89089 32085 1378 30919 15322 88008 35161 19233 74344 52805 98159 66807 21757 87656 46410 23028
1486 18
26716 11094 72111 40667 53225 78407 14278 72607 13851 18832 44282 5811 39766 65666 12250 79319 35907 96627
4089 18
56486 23728 81364 18207 33144 73720 92034 99157 41204 10863 73313 80200 28599 44781 51237 17923 90666 8625
5171 20
16578 35832 10543 49129 52278 83485 98516 58294 59834 71222 53013 31258 22050 72825 72316 8111 32968 57161 30835 80163
6793 15
5382 74394 79152 6450 33019 42097 67385 11329 35889 19311 77295 93306 57183 28348 17817
5687 17
57895 80350 56915 24711 77519 93903 11163 16767 99532 26971 12006 1309 71188 40386 20019 82885 64527
4813 20
53605 80961 33887 79227 94508 92336 33141 80938 1619 4381 44893 81110 48889 56513 40613 80023 46409 61968 4925 70504
6189 18
84448 29089 80523 60912 99320 27544 57806 27676 72577 28025 73003 77413 55154 74773 38508 35114 35704 55709
2541 18
23352 96147 57554 79040 25662 73929 12444 32094 41831 12038 54239 98796 43459 29965 19302 59039 14967 5197
8390 19
32568 42303 48266 60519 49743 87760 1030 90866 56049 52167 83316 17788 27709 65036 18962 9561 93150 90497 44742
2607 17
59797 66276 68756 50563 60773 20853 19986 26259 48538 21475 79583 74969 41352 14038 80190 19021 52364
4970 17
54697 16374 93042 92407 1884 57228 64532 86094 65783 25864 50590 66749 22227 78106 23565 78365 29620
8931 19
44975 46470 5681 56908 78860 19568 95780 30542 85129 9389 68618 14462 48430 99045 14270 73278 51296 64479 79669
3837 17
77213 22974 98230 52789 9470 81538 27601 62685 1730 64520 91342 77605 89564 48163 64117 76390 25504
7731 18
74564 70586 71930 54980 31608 22107 6507 32855 36559 30295 4279 72130 52336 19993 53230 3217 89097 63158
9751 19
30671 83119 97787 77396 94983 86798 88494 40731 68269 36902 6374 78043 81153 15698 12414 92385 68977 67431 16176
416 17
27052 96196 71411 80870 58698 61397 57140 78548 10280 82929 19674 84065 97542 348 1508 34561 85782
1226 13
77342 44775 86281 44968 233 62617 22973 94276 96907 8998 64032 95939 46361
2737 19
1780 35484 13839 78710 64827 77444 89450 43703 40330 3905 46156 80130 33748 31512 9560 3325 25708 87118 78758
8493 18
46929 67179 23222 52495 64870 51494 33816 98137 28829 38151 11529 46814 39706 58613 82670 49013 19203 95865
840 17
7307 56240 32726 4366 40919 93694 31436 80058 27925 49731 15538 13123 80803 12625 24554 11608 36179
2147 16
14417 21848 23635 69647 58874 70931 87523 88703 76154 69524 79979 39926 94883 66472 46721 70177
1036 16
41086 48263 72525 32080 42501 52614 55088 68330 73575 39091 295 96319 46805 22638 27438 92931
2126 18
91307 15433 24695 2994 83515 39045 37437 39158 5152 33272 46775 80042 18221 79908 75921 92653 6266 16653
4381 20
21975 38669 40460 18215 75947 3505 1852 49126 46161 24950 38524 81256 47841 58217 4894 89736 1734 31979 50195 54841
6427 19
58856 62995 52416 2848 25164 83845 76053 8433 10875 19623 57032 19349 51994 48473 93618 434 27721 29195 74901
2760 13
78645 36859 27297 57304 64077 93269 30126 89490 78331 64610 16929 26113 85851
2887 18
52250 93017 80591 79304 49005 85103 45836 69447 85251 22640 59569 83250 38765 9226 99720 51033 49829 36666
8910 18
61520 97575 43138 92261 32055 87320 56663 4878 42750 55435 83365 35807 26215 22611 81603 19559 19798 13132
5849 19
1608 97553 99523 2889 49834 44926 19152 79817 15196 89578 13806 75944 11766 80951 45652 45671 15950 45274 80858
3545 20
70207 52409 76042 62319 96911 94688 35466 90854 11624 51188 14653 67367 6648 13834 78285 21320 40498 5685 24607 25525
7259 16
28997 72463 70983 5724 14752 76191 32807 65832 25195 44513 28395 76989 40686 14943 40291 28376
440 20
97381 92904 75875 22116 72845 65068 51407 17196 14865 96386 81887 22669 22051 52863 29751 90229 52208 64025 88277 98786
9963 19
54749 66242 13534 51392 11101 74257 13159 43895 55717 32448 23537 34741 1914 27003 99824 3471 35723 9928 47722
6253 19
51545 43682 10342 66108 98355 77863 34810 71436 81202 51490 43797 83025 25956 9713 56995 98882 51496 1822 96307
4863 20
15612 99373 89245 21759 62723 45776 99144 14433 84737 45500 23304 95228 2632 46266 88676 7020 55508 16770 83980 79209
1394 19
2359 1096 11683 81438 88850 66090 54932 77041 94512 15018 15424 7515 31292 5295 39712 62801 15102 24054 63950
6745 16
62429 60746 88542 47585 69744 35824 42366 780 52664 52174 44584 61366 85155 49435 26657 69730
9974 18
84938 36531 67287 38381 3130 98977 65344 94198 74953 97944 92066 90364 96448 44834 40907 79498 99437 98201
891 19
5752 87948 33768 39858 68095 74930 64491 67375 77788 69921 44791 76477 88916 2533 10855 6322 25101 61413 79752
5426 16
72585 5925 19950 48107 28081 75702 80817 89167 72459 51907 8856 68419 55517 80783 45328 94840
3818 19
40684 36133 82884 77664 79850 85029 68854 88240 84791 21513 24980 63719 30574 75954 98521 37897 825 96670 55017
72 18
78903 86298 89314 46450 48253 91093 11162 4881 4102 54942 91784 59615 12452 17698 60433 38635 16099 52737
7571 18
47873 32320 86307 14748 78861 84042 77627 14527 25497 46106 50211 20278 38860 94825 35514 92146 98311 81760
9421 19
46482 45779 99889 9220 63456 86837 58262 91362 83448 2690 92428 33654 24786 56960 38279 33784 50109 50353 95997
805 13
11921 94485 75569 77582 50790 63022 47300 72013 44657 97775 50852 87849 27115
1244 17
69323 4661 58545 65878 2194 9198 75652 73099 71727 60745 60374 15399 98458 8718 40847 30477 88658
1348 17
19371 53262 13098 39422 90465 58518 6111 27379 41574 65834 10838 56091 90943 73329 9142 55706 81953
4535 17
77091 28322 69520 66425 25667 36600 7516 58582 4879 96236 81877 23752 57008 17603 59703 30949 28816
5291 16
84149 34906 61936 57167 59522 76501 84620 70384 38170 80916 28149 56315 90668 14817 86902 65915
6481 17
47001 63549 14720 38835 97550 46228 62572 44018 95828 5972 72894 27742 25419 46836 37282 27942 93625
6924 19
71058 52515 321 21608 74778 914 11872 72342 79063 63846 85194 99091 17326 72444 35243 79444 74130 28224 437
944 18
3662 37178 73488 1692 56522 77768 59276 58278 96608 65507 19856 8566 45558 38539 37072 73974 76846 90983
8139 16
20698 57494 67726 30109 54522 68501 56432 99605 12427 8074 69867 93749 87734 10964 4255 15831
949 20
85340 66774 85625 99103 51721 70208 16433 81237 96095 35429 22710 46937 29480 27370 44036 8189 75318 86022 34020 83829
8328 17
86907 92596 3549 46690 17414 8882 9753 74458 76330 45149 70422 22131 63526 42852 45518 28629 1788
1826 18
83330 21922 66497 18765 64048 26070 38060 79766 20399 17481 62632 83776 21512 5968 83483 9471 55687 90765
1432 15
44014 43667 71266 696 74840 39239 92158 63003 84417 35888 4996 39998 26297 67751 1554
4250 20
64845 79679 25688 12544 98758 95329 8999 4060 8404 20049 59754 25963 22377 71909 95498 89802 66035 6612 89315 16418
4252 19
73224 19213 86957 72729 62340 26067 73659 92372 73169 87121 48475 58654 6511 28200 41155 56397 69466 51077 34069
2953 18
16549 22626 5542 1125 33749 65556 86686 59967 52164 90514 90341 32942 39674 16562 31856 40676 26084 15777
7727 16
68591 17593 29801 91238 64528 56360 55257 4853 89355 92711 29373 10655 87259 13749 65973 29875
8516 19
37749 7934 52966 40117 71570 97292 52095 98294 74223 12477 8108 44249 98274 91035 75237 47954 69865 46251 78660
5111 17
34854 13660 24228 79799 64133 21588 47676 73111 40096 80048 40015 2597 89090 64271 84211 10991 34937
1584 16
80641 55911 51502 39082 13976 20516 67789 21771 11055 35610 87744 92745 95584 91937 41634 30631
7400 16
13517 7689 74848 34825 8590 69153 89982 55175 69903 63989 57596 61739 78907 81389 29435 17790
5853 17
45690 74745 69503 15189 86337 95766 35992 74376 46472 40237 98161 7334 52055 26098 78738 71022 51319
4830 18
90407 2082 65869 44469 43359 19407 52179 90737 12587 50014 47652 57205 38252 297 16188 9797 60012 31810
1137 15
94733 49198 52467 23843 73122 32799 15617 53183 49964 181 41013 38498 89486 75813 86110
1899 16
23284 60303 1716 62989 58204 38591 27669 57857 18414 54589 9339 3380 32672 93748 42150 25893
2632 17
58992 58005 63572 45380 33741 84222 55553 15425 69919 17173 83070 41421 70290 32822 41768 33928 19336
1985 18
21711 53075 17474 61947 55034 21684 44967 75766 36762 12654 85728 46771 50199 52897 15175 21898 72046 77460
3186 18
15050 60091 64921 68807 31037 33520 37262 25812 11697 12675 5550 12170 15814 96963 9898 63734 4252 13938
6355 16
97645 41965 33872 70258 20133 84084 65387 94618 50907 17030 62766 56480 31177 44783 10185 91485
8738 16
34438 20614 68221 1081 46844 42857 89237 2052 92795 33701 485 69069 47390 10840 36519 41936
5123 18
68230 22311 31182 94583 73875 87725 4620 19589 44 33095 44326 87570 18712 47057 32289 35623 26371 60536
9143 18
49178 60772 25932 45158 48011 85265 88929 13122 91287 57260 52799 66006 96999 88337 40948 67560 69322 42356
930 19
15374 77709 50122 98123 69882 60154 30940 68671 24536 24066 64593 64149 69252 62830 8878 55988 31670 68975 76659
1201 19
78818 16196 58677 48464 28933 91106 33588 99331 63192 4850 34078 8851 93111 8585 6471 84256 26759 66837 99899
3626 18
48568 12872 88247 93048 35013 43673 83171 93140 18769 64512 71046 51156 97070 36207 60051 44095 71871 47103
7985 16
16292 89738 26172 45443 74395 53066 2 70264 92409 13931 87738 55560 16010 33118 56341 80493
7308 16
10896 21713 75913 48460 67249 11678 56598 78871 24598 24479 38808 97823 29482 31752 54440 40867
7582 20
37525 88057 33158 82778 1809 91952 74381 20934 48702 16226 47879 71537 84906 57028 62470 21340 29878 47593 69696 77684
205 18
48013 59987 38482 66489 17610 89409 35266 36301 67607 64997 5036 28752 22789 15899 54398 81965 8895 85922
5263 16
73291 34601 15260 64389 38744 35600 83457 36344 21385 805 41725 37405 63602 78398 27573 90365
6644 20
89990 62465 5281 47332 52990 87633 79918 60249 35676 34217 91504 2164 10816 32722 59710 43182 39066 67532 73905 34688
5523 19
74547 82572 20012 37009 89131 33580 80571 36834 40020 48363 44354 65454 67081 31078 64293 17531 95018 31675 18711
4498 17
7132 64072 93709 55528 68430 39968 68350 54017 55725 61790 69116 94147 49324 9013 56630 97018 29571
4975 19
15294 46795 82202 31058 50453 59131 4055 34111 44093 67501 17712 31660 9209 32445 95820 8832 480 77534 27153
4473 18
42415 4317 53865 73746 26005 6122 50259 71325 49167 23389 43064 18569 91984 51623 80782 50710 62394 77021
1588 17
51817 62772 12455 73895 27446 6186 64328 38411 81941 98187 13277 48737 45472 24869 28684 31691 59422
959 16
75141 29825 78555 21381 48481 29854 74325 56496 68767 64001 81585 83445 78376 66893 14456 25028
5313 19
18388 31866 9801 53210 80434 74021 60437 81844 69937 25944 46276 74677 84725 25581 145 82066 50286 74841 20380
1601 15
99629 1408 8350 24960 48156 44328 7951 80302 86336 97871 77556 40625 21338 39225 98568
2366 15
77114 65455 49331 1973 51078 60684 39807 1659 49368 15075 93864 78503 31925 6938 90125
1307 17
46815 23465 40496 72959 33850 60016 52535 1529 77218 75297 48817 37105 24787 54991 76167 82495 30185
9496 16
99645 58606 62496 37815 96840 18046 79773 74179 1530 57726 91416 48561 94658 73873 13615 98391
1014 17
62913 33578 74625 67950 21950 76791 30283 55274 41197 19587 77146 7927 27325 74634 65429 46274 37599
3605 17
8975 83102 13642 45987 61346 66554 94252 23769 87257 68443 72147 31578 25793 27779 4942 83853 42192
88 20
92257 9925 71517 64710 83567 2478 26920 13921 16584 30039 87879 95943 28074 15842 42841 8235 85299 83687 16004 96717
1732 17
66346 85095 77835 36969 86390 42712 79532 95742 51465 20354 35228 81321 69460 13456 36844 59602 13721
5655 18
87254 27569 31623 17713 94210 61881 19140 40980 63330 57935 38466 52915 51537 28850 37951 36539 71214 87381
6500 18
25719 2890 11085 98012 73916 9035 96711 78351 18749 53992 23687 72995 4401 45027 99291 20652 73215 41780
3394 13
39436 15939 54203 95135 81118 98924 10310 10938 58482 2863 41598 64967 93786
8374 18
34529 23392 61291 30673 81036 3224 25691 65749 18178 66551 78921 40208 14795 25927 52819 42072 34899 36979
5269 18
27223 38405 26048 5257 7929 39365 86823 9236 24854 55893 61193 66959 41417 32970 34903 79595 84148 63780
8749 14
2101 96812 48870 7714 10037 17543 24714 53059 301 61553 65518 13284 62911 12262
6708 18
86005 33847 37840 46731 41018 3164 13767 74189 77942 65529 1616 51954 49812 68926 4332 82656 25097 60358
7312 19
50617 49967 44421 62565 24747 12490 47154 61924 94242 12197 88202 28791 58254 39265 61897 33892 27440 23031 18369
599 17
65840 77874 84613 56373 86730 12746 11155 89722 2772 70241 78333 95277 91700 23800 25834 87674 87928
1241 19
29536 35438 7283 31753 25953 30381 22364 6017 67054 32832 86125 58465 64170 38480 99029 90313 34500 47856 33262
7274 16
28536 41077 99322 56897 11288 15416 67335 98846 79949 97279 65962 56510 77659 70856 37253 37224
6594 14
50315 54261 23659 31640 23273 87680 56405 86297 84968 83086 28837 78452 62447 67175
5771 18
86501 33122 1209 24242 99914 72219 64988 59863 66534 3612 93974 75809 79899 54432 93188 49265 33987 61655
3080 15
81404 69934 20809 17256 74341 87054 3671 31796 64673 78611 40481 6733 31977 54164 1883
6484 19
73073 64720 22878 37335 6410 39787 66040 91647 53319 70009 3922 50057 26862 5028 86189 87186 30527 2347 65804
8887 16
19827 12560 89506 96383 42539 41297 74971 45450 67211 73556 63045 69321 26988 19482 87881 6956
3034 18
44302 45572 70245 1035 25349 50059 69266 18416 28057 88522 91869 64024 67044 64825 65198 41881 86482 97841
4430 19
44228 62452 81339 52219 68883 36836 55012 37464 1557 92534 11400 12679 37523 3216 58755 80658 73238 80369 93730
8540 15
18443 79081 6855 8706 26265 56709 72970 76142 45067 44182 96522 81486 7705 244 22852
3609 18
29244 17561 60040 7937 78978 55659 6690 273 35257 94112 19745 33045 10344 25198 33616 41244 41608 50417
2021 18
1843 27794 71286 50373 37252 78156 81421 71534 35269 23418 32198 37960 74288 59167 51017 78468 12950 64069
2865 18
62769 15962 42951 37273 23953 59338 22468 94145 59061 54150 25546 39714 96130 38450 72684 49230 72801 78982
9686 18
12234 58585 1739 19857 67539 67202 98885 18898 4984 65300 92969 3052 66874 89718 91702 29417 65441 82545
8005 19
66483 43568 69565 63014 54867 7518 80374 38757 58998 22715 2171 98798 11769 59779 50403 63729 75201 44049 71358
2950 17
6025 33043 81137 20163 83459 42157 470 56749 63046 2368 40220 8942 7142 45889 60688 85026 51902
2651 16
87520 40436 69343 6709 84919 33345 15485 51735 90615 34930 303 66504 87639 35995 98402 89695
5091 15
88734 69124 8330 79615 89906 31388 44496 25414 38037 57384 28866 21570 39856 28304 65945
7291 17
22361 46919 93667 5342 59060 94577 91141 97174 12393 35956 95184 41236 72354 4819 29640 13447 2913
1120 17
23815 56255 97012 46760 40692 88529 2804 95433 32836 41930 32711 19989 77685 16512 76503 89004 25925
5761 19
90886 19707 82127 82537 22202 13204 17367 70757 59747 7101 77951 58793 51586 90546 9465 83633 49440 58848 84117
4011 16
56544 17556 27377 93247 91863 62780 27333 91367 45199 64750 19886 71497 25444 95834 84344 37512
6367 18
8507 89772 95063 18716 68008 74113 41361 7512 51554 12701 4513 55679 51998 59315 55688 4138 46085 85339
8976 19
99108 935 11277 65931 89239 74851 53060 12849 78872 73120 10516 7834 3108 64180 33228 82073 43847 99779 6077
1731 19
95703 43551 45653 49365 58646 62603 9773 68097 88863 6756 26239 26296 40693 4499 84056 44982 76857 2408 19645
4297 18
41818 40293 7838 40342 71757 77693 28652 25838 75660 8519 10514 19612 81533 55765 596 50128 35826 5924
3535 18
69818 72449 97839 95380 81839 37 87611 4609 86831 68628 40813 96779 17332 95166 24231 38130 64927 82397
2249 16
51140 60533 62091 135 78423 97907 81317 86150 17447 14930 67000 66924 70160 1105 17424 29095
4758 16
41803 61417 26076 4552 94218 71749 2686 74497 91216 47525 54287 2051 92408 24709 99010 84347
6821 19
34765 13254 40424 1631 64475 6120 40734 65710 47392 99232 74059 38721 85849 36401 82842 95339 30421 2614 93884
7516 20
32105 4378 9207 33682 57087 23092 8639 25892 91721 72832 45618 82512 54684 70559 8224 44872 35605 73740 46465 39664
8821 15
19272 18327 13529 20679 61006 29246 73000 39946 73360 41558 81453 36554 40983 61562 51076
242 16
20744 36153 189 19002 23468 395 70018 45438 43269 89742 48235 10942 17280 86949 10820 98978
4941 18
23630 30002 5467 65735 7074 44392 61401 65514 67072 24442 3965 12352 20211 10862 75003 33460 96750 55151
9420 17
70380 34552 26102 97260 42389 59462 49022 85528 55072 58999 54466 41226 75873 23300 93952 698 5949
1222 17
18914 31943 47746 77507 76095 25850 6691 66617 13764 40964 75639 83967 78527 18917 49871 45088 66597
2165 19
39897 5751 15537 41707 31359 34551 58770 30023 31140 14905 34105 66297 7075 25994 92114 34557 86229 83067 42089
3868 16
88866 35657 15235 78867 15483 8246 20585 93556 71860 77797 48204 36551 14853 79373 45565 38492
9553 18
86467 60561 44997 10375 33033 42722 21529 87340 73449 95899 66104 22578 84565 78814 64309 81772 45017 323
9316 16
5807 70147 99852 47309 82906 37623 47249 75727 83085 33100 43322 78016 42636 19434 85069 23358
2761 20
63322 51499 76196 23168 66730 35400 27433 17870 43486 53753 75348 51639 99504 47506 41063 87746 13609 24111 94016 32886
4933 20
20954 39705 94648 67725 26933 92209 14509 23819 26349 8786 23748 93439 79794 84850 20475 12876 1839 17651 79686 38428
4380 17
20565 20263 82752 43103 66833 52213 38621 93492 44273 11324 61185 42963 18963 5229 46072 45042 21474
854 17
41186 99670 68050 46127 41059 24645 70000 20317 81781 38894 59807 59064 78498 30572 5310 95779 59377
6418 18
14997 22844 79744 82879 91998 96150 57577 75744 3708 39035 4176 71901 55251 7124 81382 99717 36770 55802
6470 17
52430 20950 95501 50052 35795 18006 97803 64147 52709 81962 1076 22269 90831 1969 97384 55265 28558
296 17
13112 53679 20885 34006 34131 9523 80421 62489 18247 68972 44461 32470 7083 95246 70315 5286 18353
4316 19
13342 77513 87587 71294 78639 27151 14926 35146 5208 69061 37870 24007 33788 99961 59990 26179 66447 4950 18902
7039 19
91512 67834 77918 35573 42126 42519 36815 98041 27978 83474 50114 77076 85555 72967 70713 76407 20064 27899 71440
6913 16
83790 14559 90774 16714 87433 33046 64705 53882 15183 36458 28372 46861 47134 39853 7138 5856
6960 15
6247 71899 54459 19748 38352 10844 72698 99689 50433 14405 67911 82588 69862 36781 61486
8705 16
90488 10597 95673 30052 32535 92879 76391 6164 24516 36907 60599 82756 90814 96945 38588 78570
6218 15
28704 99660 71790 9772 18018 21458 11167 26004 97296 70536 66609 93996 78879 52549 90010
8523 15
55109 73506 6143 95623 67090 90863 63071 38913 78475 38859 31887 60628 14552 44307 18658
4395 19
66605 93942 77725 91034 90725 91851 84928 93784 48010 82899 80554 14023 68609 78663 12772 94303 69050 97933 19596
8008 16
71377 50829 61943 33914 37017 35381 18070 3839 93520 38386 86370 765 69382 47538 78634 69813
4556 18
32157 40510 57800 36222 87866 37414 43049 15115 45034 972 64985 74165 54089 33926 76785 91644 64604 56560
7104 16
6640 86511 88759 92978 52594 11303 54403 2984 50761 80549 31313 13281 61556 72320 71194 26014
6980 18
53205 55463 46236 96257 95986 5817 40284 5705 37419 23837 57681 25220 52865 92148 18909 10247 345 57447
8521 19
64176 83416 49863 86004 5922 3523 9525 52981 14317 66555 55003 92700 98065 53094 45102 75115 6293 94592 72412
4145 20
97083 92108 70297 41819 42562 63541 17872 81685 31357 74187 27858 17431 94869 40349 15333 582 85829 46297 47120 74678
4367 16
21917 17724 83811 27337 8973 83027 16329 55056 17410 44992 69318 72896 65627 92503 87161 62775
5444 18
10256 61132 20854 3652 18930 47063 84560 98166 48021 6503 49271 18787 2622 53417 33361 65462 17988 48914
5169 18
77688 12931 31372 9265 49902 81107 56605 7598 29783 96286 32860 66741 60266 42785 84648 55356 26720 79585
4457 13
89928 29127 89588 48851 90672 43625 29944 10762 39188 52833 87383 13166 74825
6025 17
15234 6027 69963 10318 83520 30227 22909 95640 59016 55115 73040 7756 60996 79770 57798 32999 22120
5481 18
92815 22218 91840 6010 99293 32190 91537 11602 27096 73486 87430 77802 35425 32556 64489 76109 60798 63430
5484 16
66854 59674 41165 57344 65001 22448 97383 27715 50882 72129 34300 37417 13019 34213 30386 43379
6698 20
52944 76220 93865 48694 89391 78589 29418 14519 16542 70031 61763 48976 48503 90165 20552 78901 78305 78708 49808 57357
6669 19
59832 96915 92111 3242 85781 23109 99363 42918 67049 70627 38592 85615 76938 13095 35314 77258 1918 1889 1901
6423 19
16915 6832 18339 40246 95350 95909 60935 7116 51462 64766 77451 59936 10228 83681 23991 28524 9657 92164 29438
2998 19
3616 16572 31009 41318 13822 95424 71448 88364 26160 31381 12141 94677 54540 1070 42006 59790 14986 26729 87616
255 17
39570 82915 5672 46524 5944 79059 94892 79133 61948 28377 34142 18475 53204 60046 1534 94936 65354
2926 14
54429 40328 65807 38518 73405 71063 64459 40243 766 1535 3508 43807 58374 28810
3844 20
22443 73669 86247 81936 77980 77212 16535 47994 27198 57808 48097 45800 99259 63905 74506 29882 56014 28254 9553 23640
456 16
55689 71859 18385 18127 7165 66596 41921 62416 94108 60387 37620 87689 53796 44679 9380 59989
1815 18
39778 46231 11472 77584 53452 93261 73409 66241 96408 32932 62223 72567 19271 20432 52911 7803 36287 72742
9971 16
1694 24796 49050 183 5995 43708 49710 96296 35042 29304 94187 43009 39106 77332 16829 25659
9667 15
13401 59887 70655 54762 90180 36504 43833 16180 40011 66302 56222 94791 20501 66630 50609
5113 18
40419 63919 27943 83827 9777 26368 96410 87593 26672 92685 69790 70484 14354 81601 21533 4515 10913 69974
892 15
29306 83271 59479 20037 52872 69377 98953 75139 13088 87443 90487 51822 51096 5053 42250
713 16
76825 61069 40408 3566 91155 87028 28713 45387 49475 28565 82198 32643 89016 8217 52742 74248
7644 17
43396 26476 71355 59212 89347 97054 43063 69898 62560 11830 14944 22370 79845 7510 86800 51970 14114
2954 14
70287 43645 99236 6962 54611 77838 40455 50849 8866 18793 16431 15405 91776 60427
9027 14
30917 80014 57018 65839 33279 66363 7339 7881 32154 87363 96865 58873 65327 16771
3520 17
17340 84153 15055 25285 15549 93530 6933 54409 58047 64111 77097 8184 15673 42699 98266 51922 82462
3678 16
10529 79816 7032 74726 76329 59509 21110 78677 47403 62688 61464 29646 85429 89351 63738 53732
9013 19
64716 79910 88859 28809 63012 56101 23750 45327 41657 52400 75957 97195 33431 73728 64041 46927 49605 47364 92583
2354 18
83836 34592 13855 85588 98489 40503 36553 88758 95568 44082 64925 17389 84102 94728 10055 18980 43350 48364
8418 16
68833 76548 17267 25789 28388 8082 1664 25479 38645 8393 66233 45466 68812 72681 66298 13143
4231 17
22830 93013 28 33514 81509 90565 37715 26108 83453 7049 6070 21764 17548 68464 48429 52359 24035
5950 16
25452 30523 85222 91878 8827 1357 79797 13810 2055 78148 64882 84196 3008 39675 14756 63389
4490 18
58202 71337 81386 16060 70238 83630 44635 62514 77937 19038 95526 94608 49258 73041 39788 88257 73008 6041
7511 13
16503 31358 7833 33910 61640 75046 76480 59683 60278 56141 8434 86698 77109
9739 16
68408 59011 52009 65235 47914 62526 18494 83135 5553 1930 94857 67310 50398 49512 5857 75047
8522 15
17286 18228 77427 47135 47679 69732 93729 19716 42883 83545 28243 38803 6607 48633 87599
8654 17
8283 73803 11386 87588 44501 95879 83828 59438 93649 28178 5419 43786 79317 86537 45237 95915 1226
820 18
17999 52153 81969 30251 60338 20672 8452 54419 97361 27479 88971 82097 26664 9376 44633 86250 44370 66360
4019 17
46896 75900 24748 73502 77622 68577 8242 4418 93507 11158 45883 28194 97352 57610 70984 86048 97287
837 16
54275 75340 8202 17330 60181 37687 63424 51871 77 21657 4961 33419 43033 31301 82321 61215
9431 17
52589 54312 66093 72948 99710 56225 59627 86009 20445 29574 92356 20072 15629 9232 50933 86163 54152
9713 19
60065 19566 25139 23881 68845 78852 16817 95474 2191 67220 80613 54868 30492 6232 48285 91090 11934 62078 27696
4973 15
34759 46803 66349 65988 77469 63538 91514 68543 80425 40476 5097 90326 57249 48542 98546
9053 15
40703 71014 5886 1638 87880 16455 62941 99762 85879 60614 5280 47051 76721 21702 22199
4592 15
22756 11984 50130 2737 67041 94241 7033 56565 66520 62166 73461 71248 22769 99838 128
2657 19
12476 24266 47663 66936 60851 70935 67057 20372 29608 68893 46433 83921 86839 36709 69036 14268 32792 86153 42175
4705 16
37941 9691 19051 92431 71928 26982 33664 24661 95102 66365 29112 15961 28939 58350 46654 27498
5233 15
16523 55260 55282 97031 47707 1232 25607 93476 68560 84401 59516 88677 78256 33531 44879
3679 16
43919 30290 53944 77953 73279 33897 32628 49586 15648 91484 54193 20209 39446 23169 73820 64846
1550 15
68279 46278 27391 39689 95024 9830 53781 76247 33528 55633 96794 40400 94711 18735 38858
627 19
74570 49106 41993 94802 39432 20137 76493 13907 46427 61874 92874 60226 60962 18989 17668 47618 75802 52170 38799
868 19
24532 71352 20414 52243 47902 44131 17941 98580 50525 50252 89428 42156 55200 38056 4267 19436 48775 26508 4022
9323 15
56664 58795 64935 32041 94495 74911 89145 48421 83574 59722 75862 56860 91919 96985 79555
5177 17
65536 98745 39707 40377 87343 62448 97785 37729 12620 93683 40825 40640 55279 31518 35665 63765 28931
7786 18
17896 28405 35502 53760 15505 38905 39415 79747 49193 95619 54098 25158 1248 58615 76788 98713 41312 30416
647 16
19201 28501 54768 60715 42512 71328 67588 73330 56933 56401 38027 31548 44367 38448 40551 88898
2252 18
94128 20491 48674 43402 5275 98399 61904 98116 45813 45591 37181 66032 14864 12246 28909 54837 75086 6297
703 17
86055 73064 49338 23091 66951 89033 56745 36614 70286 79756 49317 45427 10282 39014 97238 73048 75982
3491 19
39981 83403 16186 36976 24849 92693 52272 84838 24919 87251 81078 49651 52810 19591 751 55230 74566 39672 77477
3566 18
99332 23447 34244 21913 41308 87341 96537 83078 38042 3879 94099 95612 23914 917 82110 46784 36185 45854
9017 14
91709 14022 5712 19329 60058 91892 26768 60619 43329 91072 80430 42812 65630 95557
7726 16
79952 84050 61424 9587 88213 29087 63936 43404 82992 51359 91734 52019 65491 44524 44950 85737
8766 18
66061 53644 65305 82021 54844 48753 83141 54211 58834 844 8966 49959 2111 97126 22981 48338 757 98720
5147 15
22453 7494 53547 25915 72544 76297 35705 62803 3587 11510 88450 98183 5397 4505 72695
1525 19
27961 60421 53366 24060 42323 16791 93090 56296 88997 91112 59789 73558 22667 9352 62072 84745 94367 95293 9687
8677 18
59762 61954 69066 98603 36527 63444 84362 27075 87787 86212 5765 75934 11813 57476 65537 70719 55736 54100
8505 18
51950 91543 75626 82264 70781 63958 99498 40259 80284 10869 86182 35399 62215 4848 44883 68405 68816 53693
9992 17
65697 18310 63811 12834 19245 84675 24118 50037 21906 60898 2448 65970 94642 54487 28487 97315 11896
5439 19
96330 74913 60442 49521 86206 69698 75089 24440 17824 11942 80092 20181 10570 95183 92296 86027 62001 838 51725
9139 17
64792 72003 42268 33621 15943 9723 95334 92274 10873 71303 14898 6884 58246 23623 87919 84966 93889
281 19
77402 47053 81944 13010 22164 20667 59726 89640 43663 77729 1500 90495 48546 55156 39299 10581 70653 71018 43427
8101 18
85863 77330 7489 18975 19326 44892 25853 27883 9825 11981 4386 69595 87425 46390 8586 96290 69837 87912
3212 18
88095 84954 4550 17702 36599 75898 15474 26592 29924 98398 9199 88836 703 3318 85403 17078 55051 44512
2137 19
70379 37854 56949 64790 14704 4572 44632 36726 75376 26245 46404 93795 56775 24477 75016 88626 23019 70737 16397
6636 13
42641 997 71874 5454 54092 97223 1816 60066 95361 75695 47982 88953 32592
58 15
73007 29746 20337 94469 38991 92131 54095 4043 76612 44540 82981 17962 86222 45516 26116
1876 15
73738 42203 59688 36846 59643 47861 89753 46246 36623 69212 62546 70547 64029 43177 32017
7281 17
4425 53518 35664 83800 8971 33026 20628 12771 64213 88047 87511 27077 15340 74003 3009 92440 26693
984 16
5364 20155 38364 55512 64584 3149 10131 98443 62866 26821 43392 43599 29093 73305 67207 99627
3883 15
81808 44369 73083 97903 33589 48709 52270 51928 42944 24416 73176 45299 99574 60726 22713
8586 16
9338 57052 91898 62142 23871 63990 21071 99515 34679 72714 48353 95205 72500 97068 72661 10523
2297 17
32352 98491 19238 67018 61759 74118 54343 20451 72402 48161 5511 6718 42504 70960 26037 34902 44219
381 16
83622 64923 41769 26995 75098 86835 13349 8747 17315 7 2754 40665 97925 23543 3837 78218
3402 15
24221 72049 27412 26356 27345 11416 90872 46430 7899 81827 36767 16323 10026 75387 51228
8157 17
30093 33974 29338 77610 52112 88748 80572 38401 17039 8976 62986 5079 56037 43416 80212 43003 34530
3891 16
70328 96200 77393 36064 64916 21847 5875 92040 69713 46221 17549 27807 45174 42805 47052 86807
5173 14
38361 24828 48565 99749 45825 46987 38728 72990 24304 28708 86399 55724 78571 32962
8449 14
14558 20646 45138 28274 80146 39740 8130 1067 63841 79160 6551 88496 150 18333
9083 17
86690 83084 18163 61835 88035 40282 6584 43505 42921 73373 87954 59202 56694 95793 44722 83883 64502
61 14
83635 10448 30734 22628 26630 270 91850 91434 4280 78493 81777 99911 74641 38128
3470 15
20558 98740 83206 73037 46955 33836 78132 77800 56067 88324 41087 72116 20222 44068 23632
6115 18
63877 83165 74708 46716 63246 1292 68866 8724 77082 28690 31377 25374 87223 30659 20120 37543 61183 7852
9550 20
16900 13768 62462 78565 42609 41342 7589 65218 72705 8236 4066 1235 72989 84170 77601 55522 24547 62549 96624 94058
7795 15
48028 24045 88793 29411 11089 68584 72925 45435 62218 72844 18398 26897 65994 75754 65132
8691 18
48126 46058 1012 55052 80049 35565 87419 18437 15480 78477 20152 50247 78715 29434 85175 15371 11153 59290
1154 18
76263 89411 4517 21593 94666 38244 68390 82830 33886 87964 22384 93107 44725 45281 78403 13341 36558 10939
7438 17
92491 76815 43162 35463 42865 51686 50938 85581 86426 68645 82920 29776 7093 59314 89848 39760 60101
3854 17
2245 69562 6534 36681 23466 80787 84046 23882 76913 94929 20817 92790 32246 28893 28622 27739 34562
3978 17
83202 79777 64383 38070 30858 16539 95845 63814 23535 92462 8031 64152 16469 14252 22060 37725 34379
8838 18
49997 49823 86787 68940 59702 2151 46113 65952 4993 1276 7292 22781 90146 44964 13303 68477 2611 85036
6153 17
3584 42225 66858 74845 99823 66107 84343 75433 26120 69519 51064 16235 72700 21525 60960 29233 9862
8409 17
82810 70955 19868 16772 56398 36205 10599 64630 30021 69191 38887 98392 38604 65606 59291 86197 66290
8363 18
86460 75160 8218 22066 24495 10067 58215 52197 95698 79757 90492 77027 21268 21457 17958 421 13267 12905
5857 15
6504 40680 22716 72811 85184 94779 99699 7444 86694 44471 65193 25390 58643 76320 32808
1049 19
9900 3703 85078 54415 96767 42964 6246 52415 37155 97751 8378 96474 66147 75843 95406 18847 58459 77276 60680
5869 18
84992 54390 59403 96734 45920 37696 18265 72179 47200 78797 75846 45573 77755 7472 81444 85130 30653 58798
3334 17
70502 52459 66019 8390 3390 78535 25209 1165 72123 87949 95596 9662 86180 28291 67012 49268 18424
9710 16
6781 2326 20296 81390 3434 31160 3849 35928 75325 67212 30201 983 93727 63170 56679 74772
3552 16
43720 31819 89918 68779 4127 85967 42 12167 69434 15879 53591 77022 64890 39157 46670 58989
5851 19
8445 79965 3982 23556 21720 87530 56563 12513 17291 95728 45502 85653 3163 21555 35601 99002 21719 50129 16980
5437 18
29133 84137 62156 75118 39244 78972 63416 94845 40517 90727 10326 36537 70941 99313 46209 49865 37541 19419
3145 17
37013 18558 96033 56520 9298 56795 67669 8138 82833 75249 1539 37118 18257 92592 24891 38087 43228
1705 16
50406 45330 54074 27480 55585 26647 22932 60703 29573 10868 85721 41700 76267 5702 26430 20589
2567 14
36475 71812 96810 20741 47761 8448 15997 18612 17752 63381 48742 72348 30691 96368
521 15
57801 7326 82837 88648 85149 53166 61408 4233 76673 2254 35549 98259 2059 84559 11261
5589 13
28172 30920 93461 18607 63705 41680 8447 59911 7436 59009 68026 32515 99825
6285 14
10892 26159 96251 10521 41241 94245 93151 14578 86520 62169 24073 32485 86974 83809
9432 19
2249 98418 56335 17858 81542 95835 11634 11793 96975 82880 89583 29522 43546 76675 34357 1915 36104 16250 42127
2959 19
10966 79181 53266 21030 24428 59342 78222 95288 7950 45449 90280 52491 34390 37926 52099 87495 47127 93502 50771
1318 19
30334 99962 14868 53550 80494 57100 10334 95654 98679 61901 55870 81761 31460 29097 44748 97398 33648 49411 82763
2746 16
27449 2760 37813 77302 61610 39339 70366 84885 6172 11870 86804 81792 96044 17972 92342 94130
5889 14
52847 67023 24905 60145 46453 50516 53887 41564 25503 52052 196 92496 21957 56880
389 17
62520 3777 2817 46437 60813 80513 98125 89658 35872 85213 97289 57105 91243 56458 31056 16355 60971
8356 14
58054 91403 8343 3504 53666 80143 24481 61278 7053 85020 88018 25656 42471 22097
9285 16
65242 5962 31541 78262 41747 31449 22749 31286 57207 97926 95510 29181 47155 5194 91577 8888
6199 17
38996 13104 22032 84358 44224 96845 98086 1336 65281 29741 65090 22697 36955 68499 57607 87878 35333
7975 17
72722 24213 83556 61299 25559 98766 37579 3073 20873 40404 62832 9242 59175 69390 34605 70037 5211
2260 17
93385 53854 49470 43072 1867 42714 94835 97427 40058 21737 95866 87116 65117 32797 69575 31416 29339
3591 19
74472 78294 24699 36412 43479 82769 97822 69047 27866 58816 83310 35134 47889 41652 86139 85637 7495 75978 31468
8226 17
55921 97687 63151 39877 1389 80110 32452 94548 39729 67199 23282 89734 64000 62583 32778 42020 1636
7178 17
73537 92943 28941 28205 6418 7190 60660 70644 43564 932 84338 53133 52879 49819 91401 98044 84549
1605 16
27546 67683 73338 20077 5860 56570 6332 16775 7431 29276 43937 88548 56505 90702 33567 19402
3892 17
99035 36386 94948 62900 98800 67317 71082 22403 53692 80893 32622 12462 87941 42265 92764 86775 730
16 14
45060 59477 46573 65538 46212 12081 31044 14484 40720 69365 45051 80933 21273 86246
7534 16
6159 57846 42500 65621 62332 57589 63250 96584 47444 46911 12910 62273 70731 15974 60646 23357
3572 19
61989 60392 89382 56378 57615 83768 92553 11614 58966 86559 7170 65971 55647 36954 71847 52260 25351 4815 38634
3277 16
23432 19826 67204 60395 39549 39314 30216 39191 18635 96648 94314 4816 13431 18984 15674 29145
5438 13
94553 87397 98 68452 13272 12924 44812 6373 76256 89930 49632 60056 527
4660 15
39466 49130 50666 72867 62952 34629 82664 6364 10404 18015 49197 68486 26081 53046 8268
4626 15
40041 93171 5871 59185 72668 43299 47208 61425 55430 41373 31619 76669 47575 12639 27547
7819 20
47416 71839 45905 88097 42215 89224 58796 8183 21414 86747 20549 60221 53006 39170 32704 86604 1367 37514 58040 85469
9772 16
45682 10161 77264 41179 10639 18994 71956 39849 1331 12919 34725 70656 95372 90925 20394 63725
7099 18
47399 17825 92480 94394 44858 42133 25972 57840 50485 55683 43684 50093 30175 72976 87543 80436 24441 87568
202 16
12111 81782 23863 57482 82870 1949 27531 80022 25208 8535 49870 8733 43366 29389 19987 32242
3580 16
15914 26308 68291 74033 43312 88651 94672 33000 7837 12403 58325 29107 47553 93285 24670 22381
5200 16
739 17045 73487 16919 38119 46191 66843 3784 60888 98368 90506 28276 60617 58521 59035 60677
1268 17
47798 98037 17914 42468 30239 12045 85192 73816 97669 80268 17540 21854 2779 99819 5787 37784 68325
4277 15
1840 87780 34590 5683 50526 59812 76239 41002 93834 43504 46843 76576 99806 88908 15890
5345 18
860 97852 15602 94530 98257 32964 24450 62392 72349 11138 17624 31374 36536 95436 90912 13629 30131 56301
2385 17
59548 32956 516 31141 69049 96413 49303 81722 64820 18518 93376 34520 88792 40289 80895 93991 89783
4977 16
63297 11224 49185 28301 24860 50638 67647 37896 76211 65947 16293 90518 29970 67010 28157 36862
1455 16
49776 84335 83228 42826 26347 28648 12021 18743 57348 39597 21744 1861 49498 19662 75734 69716
4637 19
63609 28299 26142 46712 95262 16353 59528 50684 78679 72198 48895 36055 96659 67409 54237 89342 58115 89102 20123
7522 17
29767 61301 2928 28974 86221 85693 10837 80038 76845 50272 46514 92297 79079 66881 62507 42465 16835
3719 16
98025 81004 47367 34807 37449 80832 26483 7953 41713 74216 89283 90708 38987 23489 97039 94938
4386 18
55589 76411 81146 63486 27770 25605 55159 51559 8144 74910 53983 58984 1441 41057 51286 70149 2757 50686
8613 19
50683 34227 28574 89288 51849 93189 54571 34023 9037 40149 90998 1713 69355 91488 1234 84969 63359 36244 46159
2162 15
93034 49668 54504 17961 42376 81610 63614 84861 54449 34879 81932 66269 35593 33165 44531
7869 17
23714 62892 38105 42863 62230 42010 23022 2088 29222 52757 5620 31536 19458 79648 21874 17469 81064
3254 17
67333 7625 31863 73943 31947 37406 9197 91770 36659 42335 31018 34267 73371 39232 2431 57953 83955
9767 14
72338 84385 95529 20734 51380 18458 87893 27427 20073 25318 87193 49889 63897 65146
8873 18
92255 48072 74413 79786 95808 68268 39483 16774 41699 12952 28930 10726 20192 14974 13408 39456 12894 95587
2819 14
53398 37738 73219 94870 3543 84131 84230 70051 75810 11173 30728 37410 66875 43189
8085 15
4954 97376 81805 55989 19725 92916 58823 75703 75493 24745 98690 87050 79086 66731 31991
4463 17
28195 7858 47964 39388 25685 25398 53413 49953 83013 45282 829 32644 79233 90453 93378 33779 47407
811 18
94207 7006 87847 13093 66814 43056 33777 60123 32257 58470 87977 36628 18871 84120 50881 19254 11148 68738
9418 19
91655 20980 69177 78381 62226 43477 76325 73199 92734 67217 39933 74813 38012 90469 55364 23166 6337 94844 31984
2973 17
34945 69762 98433 33853 14497 14362 37616 34494 48717 25017 78862 12163 33642 18578 27393 61101 75883
7296 14
49203 79028 9476 11285 77828 51538 41134 33372 23355 32866 2547 36981 54115 12073
5020 12
72364 56306 61717 28296 24078 84053 23908 97385 71679 34753 70976 11335
414 19
58203 57632 134 4391 35170 13209 3857 11876 12491 43849 47195 82540 55000 67594 72431 98692 78367 75477 61099
9676 13
93929 92518 68280 43234 70745 14601 24519 24654 14940 16635 94138 96170 89472
4742 17
56443 71519 93082 96223 13207 10573 19146 1743 31598 40125 71030 79458 80334 31916 8825 22189 87984
7424 17
80275 96478 99679 21074 79582 32507 99761 32975 35913 93336 68365 40705 37115 66877 58581 31399 87547
5219 15
22188 22397 30980 48243 90846 11650 94762 15058 27426 2318 89641 4727 50308 86054 68110
6679 17
65843 32194 80781 31872 78144 67448 27102 29223 65611 82681 47119 35817 83887 72151 36508 25368 55721
9897 16
33714 28302 76563 2374 82779 97718 90042 46953 47803 8004 27806 13149 36505 98787 17302 91000
6342 18
92024 83420 56610 14438 78035 17891 21926 72245 32670 7859 54197 66637 69395 9810 92418 82294 55491 15146
124 17
24621 61355 24050 73992 27245 14060 95809 42217 1761 15639 19998 50535 14797 15396 72008 98554 59965
4058 13
46516 84900 55020 29557 53443 46267 56871 62267 7826 17426 7336 50042 27207
4817 13
73641 94199 42036 89661 86077 69823 15645 30252 54216 71596 88560 48229 11129
201 14
36432 22782 41939 71461 45238 55418 16015 71506 97865 43702 59402 37292 10122 9003
1516 18
74133 89052 28928 6026 25096 21851 68551 75545 54631 35392 99725 25771 88346 93938 7187 26779 86602 38377
8759 18
16022 62324 82684 36112 8005 500 99128 95389 82995 59325 61957 61649 31443 73987 49661 27489 9231 40249
2923 15
9779 64384 54171 49587 3340 19756 20732 51640 17764 89943 87908 78873 84721 87323 9340
2608 18
17701 94767 70583 49034 37863 80164 11918 79658 63594 86940 54742 36745 34119 56123 99212 54180 46504 54120
4041 18
36209 67203 36335 61332 7519 42016 39959 18840 8987 96657 94230 1697 60264 29633 30664 48152 5935 58815
3840 15
96164 16237 5334 57288 77180 16075 82945 78316 22963 81718 85873 35383 99721 87178 21985
498 13
75135 77897 72849 38688 11241 85390 4651 80075 74383 14276 84687 95302 64733
4631 17
80045 80217 43970 9577 49982 98260 49649 66446 52408 56132 40434 85608 74390 6866 489 12505 63708
6717 18
36096 18367 33661 74352 14982 2492 95454 41992 83653 32544 68371 87993 18904 40088 25539 52310 28162 62589
1565 16
60497 21345 34472 94823 61342 97056 85015 29635 71487 32549 91398 82383 19907 52008 72597 5130
6318 17
74471 44655 43660 21769 49973 44607 64541 36051 44494 41606 91698 53343 24144 38149 4346 25910 5330
2359 15
9508 55889 14067 60259 78319 30503 98686 63497 83803 19053 20678 28632 12451 52615 85810
2519 15
62060 64646 1451 75849 73603 19181 53276 47709 59337 86829 48564 41871 16126 48554 80311
5789 16
54566 87405 50132 13429 347 78124 30447 69491 15119 16737 31614 89758 61402 34964 5401 97026
9097 16
9902 68480 96626 79677 98423 66826 95707 3683 30544 69480 94747 3785 16676 70185 19818 85560
8958 14
35279 63505 37144 60861 406 59386 19992 60567 55120 9150 37090 56082 68824 55618
3022 19
38872 59416 25983 426 90683 3416 6448 14072 61920 88733 30140 79857 9564 78659 12561 6089 73124 18402 1628
5568 13
11989 65855 66563 40116 15721 22644 72568 11333 86322 83113 17432 45053 67294
9286 17
26395 50225 86477 26962 87900 66849 44411 43336 11219 12145 4490 4073 27276 91755 61292 78822 99937
2173 16
32546 71167 51897 33439 12607 32753 82221 65624 93331 23723 23658 73730 22842 61124 31904 76018
9128 16
26264 20291 77778 14032 6199 22056 76510 50738 59735 41170 48531 56152 90595 43449 6763 88368
2588 13
46129 67425 10948 17087 50077 26096 38710 6983 74145 15486 19972 31487 73187
2701 16
58852 46258 96024 99187 12255 71792 11694 86873 14226 99502 26007 94087 30546 18748 86529 54900
6568 15
56609 15778 62870 82393 15107 67360 48044 95390 47901 77119 24258 73865 97611 53979 40682
8283 17
21288 75797 34666 69572 52552 81890 94482 96375 29584 93762 84177 91275 77395 778 93624 75951 13885
9873 18
75357 71994 34943 83456 4663 31850 12600 61023 45056 31740 95099 69032 69151 46637 786 13861 26306 96284
3258 15
30095 45434 57657 54329 95274 99284 71469 63097 12543 48024 4559 32506 29180 77319 40100
425 15
81000 75010 51475 86321 90604 68633 98376 58348 95214 76580 11372 80044 18998 26221 85559
9173 16
65662 55457 1298 63851 58756 92339 56849 83756 90896 325 91665 45032 5107 20583 98386 25082
3722 13
74617 77650 17420 39803 30831 67561 22645 68679 8250 38383 86539 99809 81754
7350 19
92488 27668 79338 60368 90188 38172 94330 20649 55469 4297 98671 54143 89478 26527 17657 95775 20851 96541 87115
4924 16
92541 59614 93078 48782 56151 13354 87012 44645 21951 44115 99110 59889 33792 66797 71417 6532
2339 16
84827 69216 65811 86162 55998 93801 48621 82212 88562 13989 73062 98479 16402 31604 63521 676
5344 15
98424 30122 98052 35267 900 75513 29585 96473 68654 19443 36148 57290 44429 78143 11734
3771 15
25515 37818 50067 29084 52795 91814 76040 68262 88728 61793 82940 890 36790 17287 84474
1397 18
17529 14265 45733 50055 83582 56640 1422 62582 13136 29597 11232 73566 80506 18788 92248 95221 66665 36689
1844 16
95886 84941 6335 67733 28593 32769 92028 98585 3226 20577 82730 22883 69508 67700 54363 19179
7319 17
11146 36076 40708 67527 80990 78769 33150 21368 85819 28268 54509 71989 95178 88900 40709 10583 36314
537 18
81853 27234 39709 25397 98577 14282 26854 30595 85228 86922 51889 76734 91758 17842 15699 2473 98569 81581
5318 14
34553 38493 66705 59135 94052 71731 32258 37329 35842 77232 8678 75354 37444 36895
5352 18
88351 41030 17964 98738 59949 21095 25045 5795 90614 68770 2262 55325 97559 78988 34744 66857 59355 4535
6940 16
69993 27468 24199 57710 73925 85883 39870 79244 42102 9446 6553 26739 58983 59466 39164 60078
6763 16
75245 41581 36512 91995 77733 47378 91707 50751 40343 34547 84762 79299 33409 65348 39160 50338
7838 13
41456 59223 32256 4101 76370 81182 23853 44332 34832 44970 34154 3645 23441
1778 13
8363 18335 44766 98875 51003 37771 18685 68698 57572 7926 71627 14180 97633
9910 14
27326 32944 43973 29210 63854 93810 46506 66884 30943 59231 76814 65676 36877 77649
2144 11
7776 62673 39234 65933 40437 18220 2623 37470 36485 59023 83373
7120 13
92811 52987 81466 78578 55580 49243 86758 84236 98211 19466 32987 58277 46518
6859 14
46345 96771 8746 62573 36388 85409 63595 61742 55716 64498 58121 22568 80638 59782
7243 16
30369 27950 76394 57434 83823 91025 50394 11852 60513 77263 43122 36003 42008 92712 41457 50324
5167 13
46379 34460 91696 36994 72007 38237 93921 73438 62964 19003 81952 93693 53574
5159 14
48536 66428 72289 33771 91427 28051 53252 44456 96577 18426 68138 35207 60365 21122
9392 14
41583 92031 60152 14097 93839 50804 17618 15826 4218 94867 61886 35946 38506 12125
7256 15
33739 25935 24119 41554 8926 65158 10760 50095 5014 86858 65334 36733 12778 25048 2354
9070 18
1833 26864 50741 79699 34749 28391 18933 48849 41616 95459 18941 78692 78830 22344 46400 78622 12507 12301
8071 16
68148 8203 98239 31251 42564 63465 48279 11551 35357 2657 2861 15452 23984 66947 81873 49774
3483 18
90279 42098 11010 87119 51336 82304 72828 94901 909 87024 94004 30642 18848 91934 88637 38455 69536 1098
3622 18
17987 4741 17060 24612 1945 95080 22725 90636 57909 84960 44900 89331 42567 76681 66237 80674 11707 12239
5966 15
49097 54755 19845 83074 13419 31161 68638 84774 24337 37855 87237 52220 27856 71086 32717
6665 15
94640 35658 78328 60207 88816 50515 21582 31325 96148 67942 14148 49364 20270 15422 90309
5565 18
4315 56005 51182 79310 77462 5639 91866 48934 68023 95217 14332 3209 64592 29798 66873 70688 39586 70730
1529 17
4901 41270 38199 87482 34145 42523 79966 77662 51543 25606 6554 87517 41228 41879 12962 9994 53440
9795 17
82816 40005 63213 76529 21612 27957 51869 21198 17117 43506 66744 41804 76716 34002 47305 20434 65418
5664 18
90558 48407 99451 46966 62042 59453 89379 79939 64089 71750 23238 56387 74449 23990 26666 47216 35355 6082
2497 14
65230 17597 10644 80191 81091 30941 41298 89009 2357 95546 66535 33888 86828 11387
2161 13
85231 60933 8541 77726 35535 42313 79403 33316 54735 11177 27813 90603 29731
9517 13
24720 97001 52964 64422 61144 58949 51558 91100 76115 97254 25943 36928 65632
4106 14
20739 30996 4571 44682 28660 60014 45631 84662 91470 62699 32081 10172 8488 45410
9829 17
56041 83501 86822 88487 64120 77453 20136 75869 3990 21391 97558 32779 67231 11205 47315 51779 70861
5175 12
34740 886 70139 29872 12890 62499 81030 74994 51604 31419 57263 6659
3332 15
30169 63645 73810 593 72357 73058 3573 78352 42943 61457 59005 89618 14419 70415 12783
4781 16
94795 22539 31469 58752 2412 82957 91706 94454 33718 79472 81073 59962 59558 51238 73475 51071
5830 18
60649 78489 12702 23539 13259 72476 72903 38494 66515 78890 24291 6634 69900 66499 72095 48468 88894 19095
9050 17
17366 88577 66215 74653 1448 49814 23599 69708 48854 71952 36869 6413 15685 3889 77321 58266 78140
1543 16
25996 496 24628 4455 80319 3414 86630 99264 55319 12232 81675 37255 47097 68795 52022 98801
2868 17
97267 93229 13782 28241 26426 62894 50956 14901 82584 77889 13959 58064 64559 74618 68021 16062 97707
2957 19
86534 61837 54493 55932 85993 47661 92555 23816 30778 58996 9027 92453 65272 7117 98914 14432 32919 53080 54888
2110 12
24868 61289 1347 39568 34012 21009 59501 89707 86964 76856 26358 91268
7645 14
54916 5565 16202 10327 80297 74489 11713 51951 98631 91775 7549 33181 38206 28757
7366 15
21410 8121 71278 97508 63615 43530 70600 99933 83223 50284 36123 17681 31079 62596 74171
7124 14
50099 54052 84187 80820 33815 95164 15534 15911 72194 63152 43774 47497 66112 11559
5403 12
6510 7098 35235 27414 15504 5304 96194 57799 51696 42005 21780 15278
9343 16
31442 89605 39754 58607 90859 66649 38930 80693 5042 38880 78076 58704 42715 34356 37151 82896
9986 15
48409 4568 27290 7492 13568 11635 92716 18829 59227 3996 67087 53312 70134 48586 85635
5348 15
2519 30289 22038 37958 21795 16521 30371 60666 44592 63951 6144 75228 92159 70428 9820
5530 18
59366 81846 95967 94165 8809 70492 6221 3036 51062 71384 15173 59019 36305 78721 76723 81028 19170 38569
7038 14
61179 99644 64379 87874 80352 22970 34793 74706 3068 11272 70019 43484 16268 19777
2754 17
98693 4700 71756 52108 65435 63882 64367 86571 60594 64036 51675 69218 81834 65303 35310 70011 47424
7407 16
71967 84012 99915 65910 88573 17054 56070 58136 75113 18397 5091 72956 90246 64217 46170 41471
8148 16
77328 798 80619 65106 61448 38314 94396 74372 8749 7387 13337 78940 92203 90519 14128 33056
1002 16
64128 51557 43863 53213 49726 79194 45978 38278 38792 19564 61038 9968 27661 28160 29363 75761
5525 16
28392 73677 985 25763 3297 53555 93457 9905 2694 75965 60775 37553 77308 51593 64360 91800
5697 18
46481 70873 31031 87577 60488 1121 55750 95299 20694 22237 66684 80194 87279 71978 24566 85458 15736 64853
8177 18
86465 62193 37076 18057 27778 61129 12332 45970 34772 72882 12082 87722 47292 19949 68303 41349 30779 42461
9488 19
35734 65239 48457 15888 28230 54925 88831 46060 38918 84273 29148 6478 68383 56445 83841 64962 69093 2066 65138
3955 15
87897 21941 21980 96437 13169 6022 48803 88248 62354 77965 63838 9607 38251 20670 48400
6956 18
12022 24652 96357 51299 69003 51266 91610 39583 9618 35034 65207 17917 41029 4121 51478 53783 44889 95428
2214 16
71149 6515 5449 64376 37980 69006 21223 59437 45646 36172 59288 88742 94368 69665 75024 51556
9564 16
78145 39193 32607 38194 65091 4400 47827 70424 56167 77329 94564 87438 92259 89514 36491 69604
6084 17
49700 80020 41715 91466 40142 69840 81884 21830 70603 37595 29120 5947 24662 75328 34816 26978 82735
7908 17
44321 44520 30794 34104 76460 49429 25304 34323 59497 44876 50020 27706 60343 90029 28502 51800 97239
1634 15
75776 5282 2981 36241 90605 69902 34392 18305 15323 87092 24468 48779 774 57740 42058
4657 16
60216 7018 45202 53320 62814 50644 6391 3233 42525 45513 43739 47168 74151 81968 39553 52705
4893 12
28005 30989 75560 30105 93129 56984 77511 45773 96674 37160 4774 29853
6377 14
59581 9703 51511 8518 38727 27763 67396 79352 9806 87756 53190 56798 19430 66152
5254 16
19128 12758 7143 3033 77475 56441 56823 36272 41281 16734 28576 54325 56542 37471 14429 76406
8057 17
62039 73845 27834 46525 52202 58594 49102 71225 48790 29431 70917 85934 64264 35020 23347 68241 57367
886 19
58244 96329 56359 50608 1077 95729 59837 74639 99355 73724 39817 22617 46596 82062 99704 8700 31949 18089 87083
2800 16
77910 56100 12913 39203 5862 90568 95150 54667 56015 97105 99798 30445 8644 15279 35165 76622
3742 18
22010 98741 57230 19787 93305 38617 40542 24138 39609 38515 12235 70768 90056 27890 10046 45008 53473 43408
8033 16
2919 8024 90525 38348 88568 46948 55854 41502 99271 73056 64948 85106 26887 68909 86261 87991
8642 16
57282 55907 35326 73628 24376 84091 6597 13987 87733 74503 79253 62339 18130 51920 19957 99333
2097 16
71974 13950 4479 36914 56512 59220 12344 99396 58614 70408 55915 30639 19472 72902 35119 84576
6341 16
15046 47705 31193 16889 30680 99801 45482 87037 11775 76234 33842 88964 65179 13191 99253 50354
7089 16
34870 11262 85517 3028 55925 22833 76058 83525 85957 31087 98515 17002 96454 43482 93726 32113
8683 13
94313 22774 76224 70123 94739 58644 87996 15613 16759 17992 44385 60422 25176
8580 16
98908 67873 71742 88493 86452 59259 82671 87049 29500 29915 61599 99132 64737 81463 38210 75412
9095 14
75822 3621 72812 18313 37934 86290 12473 93109 49484 14246 17192 86613 92928 20395
3788 18
5704 20309 94356 98751 89413 67305 54710 91594 18810 99265 20704 45294 89924 4613 26619 94641 79613 35027
6965 17
47221 34661 23090 60090 58088 38698 32742 14819 47653 46549 88753 83632 78673 90661 45995 16622 72981
7536 16
10503 95902 87718 35450 98889 79130 96573 58226 61391 26634 13087 51572 29614 81698 13067 22678
5760 15
36200 35401 58642 25516 31579 69294 28307 10971 56581 3841 44614 32273 1536 63832 27303
371 14
48248 62569 12359 76661 368 76161 4481 97230 78025 95536 49930 48435 10165 59367
7588 13
13340 69406 85330 21726 92177 99026 99210 91954 86414 76625 12516 96929 77317
9534 17
69664 94191 812 93040 26956 59041 57504 29539 9067 52139 78748 78828 43216 21698 57427 85611 53740
1476 14
47921 36162 67602 57158 72019 80283 81097 75901 67690 71712 97603 1961 97715 62389
4138 16
7028 92204 45568 17444 74424 68663 97831 16048 45495 34073 96595 37046 67693 59332 57000 6958
5942 14
28518 16285 38755 7265 75667 97150 13868 36810 46122 4449 9609 84071 62284 71138
283 15
97389 53977 20758 89784 37540 66568 17747 17523 97229 48462 80348 2751 69277 42973 41323
7431 17
47840 56813 87510 77423 95171 38561 23043 40587 51785 24824 20654 87278 73926 49009 44971 98460 96441
3583 16
53798 90911 68581 4863 47975 88876 3620 70855 70646 75039 4142 84632 25809 26736 66245 51240
4383 15
3660 88191 37770 64548 92898 51153 49762 21265 40441 14272 79012 11447 6329 15791 56820
1737 15
11483 75599 7055 24216 41108 1912 35667 75169 18610 63090 39513 96574 74518 28258 7610
4445 16
43752 62825 56712 43633 86879 77720 60268 59127 73055 42766 32619 96486 73735 63365 88140 14088
7729 17
24647 28235 43920 4197 6685 15638 80885 25440 16001 86053 5343 54159 31033 72099 89627 15641 74182
5193 15
57071 69331 45002 31968 60938 74255 32326 84756 55715 28848 89721 78377 21798 78706 36532
159 16
77305 1475 74531 28313 17575 5647 42404 33318 69649 75567 2286 41696 34480 38822 17971 95085
832 16
86392 98497 26078 76482 42719 3870 4567 54441 4118 53142 17213 12923 44419 85275 75680 29059
2159 13
95876 5075 42551 11073 73915 5738 37790 3137 26220 99497 4601 47592 20067
2928 14
97630 67282 16309 16159 18109 12157 57257 31414 15036 82132 47749 63149 77931 83392
6133 13
71467 86575 72064 68820 8887 6366 69944 28856 55928 49229 24389 83538 33681
2844 18
80140 68704 60242 42675 33407 25923 36905 54250 41712 71923 7206 17128 26121 45857 24330 4865 37364 56319
8043 16
34280 84139 88094 79888 31106 87615 40060 61488 88933 95448 5351 54046 10975 41525 90132 76339
7302 12
69412 98405 76795 91896 53737 74549 37237 15124 95949 24210 90996 4551
4437 15
80624 51678 39214 93000 87815 21619 40073 9398 43054 59281 47173 58316 13497 3701 30799
9733 13
39173 38374 90923 55543 16989 55530 14939 77857 25678 52738 73503 46377 4715
1048 15
51088 48944 42369 2777 80509 35936 93924 87605 2719 98940 26530 73942 36777 46095 40363
2119 14
95209 45675 12283 84550 27592 88212 23288 40627 4940 76818 93238 34485 10162 59456
7601 12
70028 60839 77438 51149 9712 30420 48744 16892 31394 4908 83421 89117
5013 14
12961 83254 39938 74158 74804 8702 99669 94442 1295 83357 64550 94655 33940 96735
2842 14
35329 35245 86651 63993 70850 4957 56372 25473 64561 9960 78882 44434 38625 36178
5932 17
48413 95098 45998 39362 48274 66324 44894 49544 41630 44432 10901 72404 25922 59977 26335 25141 88256
4051 15
80213 29030 40497 1372 62246 65163 53869 98700 80069 68216 5515 8125 9620 17333 35248
3134 15
34939 78031 85767 57795 66699 51206 85527 76660 34373 24736 76719 48041 49408 57609 96407
1448 14
89811 53233 91418 45379 95566 14370 97191 46160 88725 92889 88507 45990 61385 52876
4589 17
15019 60847 25544 63137 69690 96842 7474 16290 57543 85547 13094 68905 21652 37167 42443 35659 65364
825 16
96894 9758 72211 62630 44047 35649 16387 19761 20058 49609 69306 83695 78064 32974 37375 72176
871 14
20914 61630 90507 27474 33691 20631 62292 19778 94721 52377 68576 54053 11116 36114
3397 15
42399 2664 80808 71886 96665 24807 88401 62346 95735 85385 82094 73559 32500 9953 49623
7586 17
84757 80378 13396 79659 49041 72084 8613 27731 73573 79780 65559 34950 95048 46510 27049 18042 9314
7693 18
25314 54135 38123 28229 44264 11113 77084 89295 57349 3799 63759 46440 68186 92043 61718 48395 69254 11502
9624 17
9714 32801 89915 79526 67997 55523 70804 9731 64194 57375 36330 21005 77579 94716 4868 21810 65292
682 14
6927 88473 47847 32681 57490 93357 90207 68424 75338 67458 3557 84194 97980 44613
3352 12
70537 51576 88278 6699 94067 61459 94089 8964 16546 86334 86456 60306
7318 14
48205 9167 61079 44140 9290 23189 49480 31961 48578 81759 17126 15066 60486 60185
7871 17
3498 48620 68848 61404 47906 58400 5990 20931 25031 58297 98450 26575 50662 13896 87464 42478 1513
458 15
48823 30142 31129 56783 97306 52949 43977 28797 80536 16259 11323 50016 28423 45076 62355
6029 18
85567 90447 48449 75020 96859 93137 9711 19924 11396 15123 6174 20803 86811 88249 55830 83667 83137 3780
1874 14
88265 6524 46601 39683 16826 12569 67362 10693 33390 15509 58190 28906 72639 63855
483 17
82157 22428 31983 6826 28793 72158 96505 76401 64702 95567 13374 60976 33160 35897 85773 23936 32841
5471 13
65498 92558 62953 69600 90653 54303 85226 33430 64136 70949 67905 14515 44193
9697 17
92789 28009 87488 10223 29846 4436 50677 12457 47004 92546 2671 24642 49633 24677 79986 75307 85714
9250 14
64333 91350 85035 44363 81473 22362 56990 26902 40283 47229 50572 401 36413 13243
5129 14
54123 74355 80330 77840 75384 71713 86172 41350 45247 36630 58506 28621 10064 6865
6063 20
54575 67622 67848 78200 9552 95598 41516 96428 79788 1266 85987 48962 51504 36058 66962 28199 5828 91877 9218 50947
6190 15
43133 42042 9720 51115 61196 44847 17731 35071 54830 75162 56003 53198 64743 79259 22133
1679 13
51344 28976 19995 68538 25432 90049 6282 57066 96725 77193 89694 72933 20174
9028 13
33839 1506 85016 90292 70946 18377 69008 75877 27682 83450 71195 9170 151
9406 16
5841 90664 38995 99727 50040 21811 37802 61802 21450 61376 61266 71155 34427 4440 96098 99586
7294 15
9222 87816 64804 14773 92094 74403 83381 83796 14520 10973 1412 79261 12787 55349 21556
4372 13
30499 6997 69841 24944 92523 62544 66726 30302 35670 20341 35772 39587 84825
4397 16
58227 62566 70596 57816 78149 26663 18659 1045 63839 88370 10042 47282 61075 41856 5263 27853
6117 17
64553 45777 68220 55019 97541 75552 71184 19770 97586 58096 6550 80831 17496 67332 29713 77990 91945
6915 11
65488 39955 36036 74797 94434 5398 42644 29988 85197 71522 85422
8582 12
95124 31680 60342 49047 36499 73331 41460 90971 78272 56004 91550 36362
4170 16
24690 78045 62164 13380 21707 9654 8546 56800 84045 22287 52006 39584 83717 62841 80354 61321
9302 17
44023 23442 31657 39129 22657 15916 24685 46052 20060 16179 8397 83431 85456 43289 85673 38601 35617
5285 14
2419 88880 33018 41032 66260 64457 26087 669 31780 71759 84286 39323 17578 83059
7280 14
80899 6392 93565 38742 1658 5116 55355 35081 2535 88372 35778 5917 4380 86327
3817 16
84587 37798 84939 20117 12370 88142 35154 1970 76056 23889 99112 88456 97393 99407 554 99990
336 13
33376 95097 68306 69547 14879 35413 708 45101 4456 4018 20031 78480 72530
7845 17
16633 91286 74608 16732 6176 77346 67944 55609 60552 3778 49341 3102 44139 1206 36968 44229 83324
8818 13
62386 42040 98773 70211 39943 2506 95488 294 27965 86782 18827 36626 40659
7042 16
42074 72464 64879 38712 77640 24343 10231 94727 18110 79123 87349 18938 1911 92896 27467 69648
7926 13
10129 8243 80345 24277 69405 23307 91739 82307 30372 21307 98060 10932 37555
5339 16
74857 8649 63380 93773 61805 72427 57668 82022 11166 58639 40789 57166 68007 42866 21895 58878
42 15
89954 75269 75467 5504 37126 27005 93173 83940 64401 8725 72038 29654 10211 4919 65467
945 15
70182 59483 64662 61938 33554 99617 54232 15560 33302 62066 79334 73256 19221 46515 92601
