983
1478 20
29736 81910 56764 95287 31959 59763 21990 29280 16091 11030 70272 40915 94114 89956 99281 44076 3165 94760 88154 16541
3597 20
40462 30212 95110 43268 15572 44464 11413 10118 37962 76133 90138 43181 26650 84345 90342 82493 12667 73670 55285 59146
5172 20
51447 57499 4624 78612 70466 52269 6742 17102 52564 57587 40985 22553 863 71104 45727 8430 24432 67828 5955 32583
5065 19
32542 28614 40458 9950 71471 311 6870 20130 3096 69453 75917 99038 63892 77520 71880 28703 62380 89812 99758
2595 20
68600 24051 74434 65394 6211 14294 53077 47277 7402 43589 89403 20237 37988 99774 85163 21527 32210 58789 56102 4574
8696 20
35619 45104 44776 86267 17085 89554 3876 87902 38304 24855 77630 82092 78115 2284 82577 94634 66416 42488 5076 65791
9692 17
991 12574 90107 94674 59362 89000 4046 53196 17138 49181 6893 38246 70740 10196 45235 44492 95232
3454 19
61351 98346 52330 32422 4898 19304 7321 79703 31384 65309 65984 65362 84783 19732 34871 9148 65778 55062 68136
9294 20
42080 72711 16973 96726 23597 68640 97076 42870 89243 7009 57516 37909 747 37479 48181 54341 59429 87581 33522 57295
661 20
48941 87312 32402 83190 46618 77606 50977 25973 15297 26557 49350 31489 55860 41272 44823 15973 86001 9112 5110 66405
1133 20
89093 48670 67618 35861 41188 21741 20708 87020 41625 20269 4635 80544 50898 23940 6023 84375 23045 24559 22869 28103
7358 20
8226 6016 41726 81897 46729 65508 65619 36550 63957 45114 59605 34271 81543 47834 46203 30585 67570 34122 51487 88944
8728 19
71936 35203 33260 69082 65433 50050 87702 32405 56671 10134 74374 73194 74978 35881 72584 47730 18116 81479 15654
2830 20
73779 43765 27169 2816 85802 50999 24754 93477 11521 52506 81508 66058 69904 17347 2023 22923 62515 74125 3571 65030
1949 20
24096 18968 82966 71256 98832 52845 2883 63589 5658 7767 96757 99572 99686 77607 75188 21318 29512 46254 41367 1416
5311 19
88308 47594 27 73422 85283 52285 82953 37385 75001 71301 41168 81510 56186 66267 5980 26765 40337 31674 76763
4275 20
46631 60857 63686 80892 86342 47970 99148 21220 70417 71821 2809 4338 32042 39744 95189 86091 80800 93416 98905 92110
349 20
83215 64201 17897 92378 45706 49971 10212 55168 56492 71808 20469 87536 18167 97265 93253 39545 59352 73350 99807 34171
6134 20
88845 8314 20223 28511 59575 15130 15983 16441 83989 14464 46847 72197 54442 58272 21341 84770 53746 3 93362 17304
6977 17
66128 32183 70449 71114 50143 34286 75975 32393 26326 17293 1942 99975 97203 16614 48057 70124 99006
417 20
1989 6910 94957 53611 54617 35858 275 15324 96586 66048 10368 24763 99685 93582 60189 47041 23860 42052 67351 95889
7218 20
75619 53763 17868 42873 41014 91340 51664 46565 67526 32922 9385 10604 19101 45458 68180 21624 7404 49821 58235 88476
9647 19
6639 93830 20992 36874 77077 22523 36307 29392 69201 25354 15121 35547 14951 3723 46419 25514 24037 95318 47109
2664 19
52093 54995 84514 69525 70202 65434 57718 47150 73448 47589 80596 57976 96111 31295 73485 91693 60287 30059 39531
7833 20
48921 80729 81100 15040 75439 28263 13413 27970 13335 6455 25955 76171 17284 55296 951 65603 77924 82706 28929 96292
8839 19
73517 13780 93992 11548 81713 62467 17418 61444 25692 80409 4964 15830 66404 30601 79479 48420 24954 25978 76776
6185 19
43886 10957 64503 26521 88182 94908 13777 85140 80553 39140 75533 1550 81670 50605 47875 53631 4259 92901 49168
7709 19
99195 24499 28069 69407 71892 9816 58854 6194 78733 23021 56021 67654 91415 53259 88615 70512 80735 37972 17174
6464 18
78557 73781 58880 71231 73743 49221 42483 37271 70117 7568 84763 66338 51166 88610 42093 7421 8972 19163
9836 20
15151 78858 64956 79991 86374 32683 72558 92220 84746 85288 54368 65991 46523 10156 37094 34747 49563 32046 63244 93608
9985 19
5474 86708 18118 352 81477 35989 4521 95315 81469 46976 43277 39791 57997 13262 94829 27065 44342 31641 71651
6468 20
33024 70998 45359 52653 12308 38772 39842 6743 5418 29476 93445 60710 84678 2730 85490 43956 3664 15038 81275 68680
1420 19
76512 27803 26410 18028 72371 28783 88102 74425 89894 20791 11526 24206 24401 46426 80524 39276 82035 1597 84686
6715 18
35878 70288 49510 96008 9544 69349 94724 95314 3598 68116 34769 21077 98111 26822 67956 75926 92033 1147
9847 20
40102 53569 49572 25360 83320 76930 96190 11764 81346 83562 98774 67470 90236 51583 34886 42249 31148 86436 37905 85170
5272 17
37152 6228 26000 54677 14946 18631 83652 52185 49264 37339 38740 37519 79790 44610 8396 50995 82744
9060 19
17460 91847 85768 78524 75184 15588 58438 32288 49125 82115 73534 30539 2832 39421 51498 28418 47744 3631 21954
165 19
70232 77458 56855 28355 37089 6338 82111 76135 81958 78600 57068 71402 78531 77356 91426 51720 33518 29967 88798
9221 19
76388 57012 19985 67088 26344 74554 24514 70487 25306 52725 29873 90500 83297 88825 86722 93774 8245 88738 84026
6550 19
94970 97138 10051 35700 31067 49892 65313 11530 97857 7958 93066 63103 12759 33058 80912 57286 85050 57527 16395
6588 20
60125 88210 19537 75995 48982 50826 49067 50809 7618 42352 66794 98341 1988 82960 38766 2159 75758 47631 37636 36766
3301 20
25109 89106 1990 31788 96993 19561 8738 16442 40547 4023 4947 38908 19556 92476 2972 87044 71697 17449 35755 70229
4241 19
65406 22983 57750 63342 28901 11817 80956 62174 87208 32512 39604 94093 64581 69432 23074 72229 5812 16678 66206
8384 20
29310 76168 27699 71023 79781 90223 84313 24067 67329 15212 84933 67804 45614 54344 4986 37923 69826 34713 81966 89482
1065 19
77947 91882 87160 78289 73016 93966 56400 54970 9015 76483 33295 36080 88148 59899 39346 28543 50281 9836 95946
8591 18
31632 10379 50910 84079 55863 31112 79328 4367 30074 78446 94483 64419 92938 60267 60237 2595 49613 58214
3313 19
15087 29810 39101 21240 78315 27001 16056 55400 69247 61534 27145 76838 97791 29372 86764 13500 54001 15393 12670
5971 19
29132 22135 38344 22971 30555 74513 36326 83747 37400 48281 66882 70249 29902 46878 26586 59170 89985 17058 33269
6871 20
40071 599 47629 87851 67662 31515 12282 59306 42836 75548 36149 80127 74615 74736 16615 59246 66013 21581 39044 13601
6236 20
95663 46152 89336 72514 26472 74537 37495 85494 49075 43916 71100 88550 89773 67257 89011 6736 31748 23755 21997 97316
2708 20
82422 64931 43114 96552 14008 57484 14779 96343 58419 73774 34517 28024 74184 39506 42940 56282 83932 37677 46311 75651
5654 18
58774 55252 49319 47669 3479 26060 89846 13720 26456 83268 59164 42559 80070 87670 3565 10907 8560 94010
3525 18
60690 22992 53202 39839 33222 88124 26248 28338 4701 9648 72796 5122 89782 54655 97816 80204 11729 99793
1356 20
83283 52190 15920 73445 49706 77787 89796 40507 56979 61543 74453 1718 98328 70779 66975 63860 57786 7850 74656 13975
6370 20
33734 88380 46583 427 32239 37690 34253 18097 91160 32566 94898 93870 93433 3501 84683 48312 43840 60385 40362 25601
706 17
20841 2800 13147 33992 15331 28375 2442 10091 9322 90300 1804 68665 20981 96598 10130 21956 27067
3050 15
7507 17096 20053 89911 80440 31709 57053 55851 41617 50044 77035 63291 69020 14042 20139
4871 20
920 12492 79041 29616 52743 42134 10014 2030 11543 55914 58146 68337 17652 50357 83073 98377 18945 17164 66996 72701
1551 18
57630 56068 37223 9404 57225 8504 4790 2684 97317 68416 88606 44066 60973 34746 12481 51535 41567 21609
4713 20
7840 20958 42024 16018 72070 4500 47016 6256 15110 97498 15233 2430 70362 79089 18798 344 86903 55232 20393 76521
1721 18
96680 1328 66601 97360 92021 12941 12706 26762 75648 9681 13436 1271 45900 29998 6368 979 46182 49144
5030 20
36814 35724 8186 66633 1763 82133 53718 90423 10444 57136 30735 36144 52071 42899 99897 98456 19728 44278 63887 43874
2943 20
89074 42824 10040 34734 14627 36728 35038 19155 56395 38998 44522 11954 4916 61497 68429 56722 68857 48077 8051 90985
4355 19
55999 62148 73320 57430 45052 87950 1478 7753 56024 50139 81916 51294 98644 28851 13807 62132 26051 47254 60822
2590 20
59603 58315 54953 97615 34053 43951 83513 70859 78111 45635 29997 37688 5742 48875 24522 45069 66541 90452 42927 81087
2047 19
31450 16869 65400 85450 16253 81296 28650 75276 7932 37522 5708 956 80520 75223 44463 19298 94556 29083 10296
2235 19
18597 56327 81026 65586 75038 95174 47269 39343 91372 60651 71171 90978 91502 94805 19971 4980 34107 31664 24426
1966 17
96754 69105 79121 32503 89946 22877 83505 51362 78308 57809 14222 83275 18759 44201 8523 42289 60672
6213 19
63457 77424 10865 13393 29136 94635 72552 46054 82724 63817 51875 9811 64840 29045 32725 95472 58212 40932 82901
2798 19
62930 13972 5547 90997 55073 74714 25320 24639 58337 28463 39151 96876 7485 46101 79291 3363 51701 2298 36023
684 18
76599 59709 47959 96289 89530 3569 18534 62168 77143 76404 29962 7471 6642 90353 78566 17968 75396 63941
8982 16
59681 66278 22153 5325 61247 20310 47826 76643 64244 86490 87726 39197 79323 80064 89082 60915
6446 20
26401 15900 97353 66792 68545 68205 46530 53448 69144 69387 36923 35735 27618 83774 98393 35871 99013 78839 10142 58291
2269 20
13151 68373 36013 77141 83406 54550 7341 37632 27432 25367 24443 96431 16400 77337 54049 48995 21349 79711 60244 96225
8124 19
24203 92010 60124 17381 91445 43674 16017 73964 63901 96909 47515 64953 77569 20796 74777 9262 42355 69653 93906
3459 20
33307 1678 87515 77920 8575 57400 24874 17120 22522 25755 87562 75515 71217 55157 65964 10876 12206 53358 28136 97886
7984 19
44930 27980 57104 6981 7690 38861 57279 91557 40900 55615 78896 88120 97991 96995 83098 98660 59248 60574 56008
5091 17
12683 88734 69124 8330 79615 89906 31388 10382 44496 25414 38037 57384 28866 21570 39856 28304 65945
7843 20
20265 17796 13585 31208 40070 5667 9698 99266 45791 15016 3970 75591 40884 44404 31352 74467 42817 77573 38684 9526
8530 20
11503 81373 87719 5892 26138 53582 59089 88957 32631 2304 20859 16064 42760 19448 98024 99723 22968 96213 27044 82458
3428 20
612 47401 28439 69864 36727 51354 44929 88298 49856 97430 49358 71379 56796 53296 25787 94797 87468 63123 39161 61709
1453 20
17714 25123 54983 15385 56190 28208 24651 38811 66733 39332 49749 74243 1339 59341 61255 12015 70749 68226 51412 22832
438 19
66969 35391 83889 99274 35054 32649 42082 15813 80223 11330 66175 69232 60434 89610 38629 79345 26861 63712 27092
2044 19
29958 39554 69029 71861 27066 89068 25945 63471 64546 92294 79761 7230 69976 90947 34336 2766 73699 63723 84863
4951 18
60464 83976 54317 96872 60946 17168 17051 47056 80866 4648 94786 99435 84586 9077 81802 97325 58531 79988
1963 20
36219 41579 22925 47421 21730 53039 77314 41118 27447 85379 41602 65636 60410 41207 70641 6107 95370 61203 33341 36653
2610 20
1382 65479 61304 49113 77032 48043 39325 89240 66708 4174 7820 74761 25060 53356 30494 52297 11071 10458 48745 71113
2079 20
81842 82091 18985 87837 87813 3333 10174 9323 47464 49627 13037 60294 65350 96654 24382 58472 72866 87657 49369 22275
6976 20
81336 89056 92586 97336 11231 2163 56081 92699 97119 69510 89120 74902 32712 66507 34239 26150 60936 80822 64849 33516
1557 17
3194 79620 23157 2858 11168 5566 64895 5543 85028 49134 8127 13668 60485 657 24504 69284 23294
29 18
93750 80532 77682 66311 68449 12708 33042 69361 80009 55674 33336 68691 77350 99675 97733 50056 23600 69534
5724 18
83428 63547 24578 72830 21401 8025 43701 12844 3319 16663 13122 53478 4331 91251 9003 93722 19536 64761
5551 20
2017 82686 16393 42531 49872 40140 25876 2528 46752 53504 96884 2612 12935 42489 29773 99068 69726 35382 61909 30948
2892 19
51425 30672 26190 51820 85247 50451 37513 56667 55996 15090 20135 74543 20815 53745 9474 4658 72634 10531 69949
8902 19
33301 22675 45112 94621 37332 22065 32830 18407 60157 38268 42818 24014 40132 39516 45574 96807 63862 31122 51948
6416 19
92349 45119 10158 52550 57172 15413 5425 10699 20964 99308 16620 31915 66830 95684 56390 81253 47968 90005 74318
4828 20
19797 80928 94398 54907 45350 91043 18825 91838 24457 30359 66981 28147 51609 80393 32776 41459 24202 44288 11114 21408
7841 19
53855 51679 13603 47100 18316 24318 59880 91832 29602 29245 38953 73346 48987 34294 17413 32406 72893 40280 92195
9596 18
68283 28257 92897 46877 36022 70628 62020 82845 350 83745 36722 52255 74803 24317 6407 58817 51612 83441
5873 20
51111 42960 71845 52916 49162 80581 64148 25664 54746 72106 10884 31494 34432 30683 68214 76811 97334 11228 45383 26816
2394 19
47576 34607 94214 40639 96142 36757 83514 1998 63799 25967 43263 95029 73569 6758 20575 12871 36193 9796 29201
7491 18
32661 60681 24104 14389 29611 21049 39743 67568 89044 70505 75423 25513 39338 6316 43424 48935 8221 69142
6633 19
3560 97717 48990 66888 63971 78792 28747 27148 23120 50672 7343 13722 4861 71810 12603 38820 91131 46796 69673
9275 19
10678 65439 5993 54384 84400 46024 73807 20719 44588 52454 74937 24056 81883 34618 55292 96050 68647 27217 96342
4855 19
21275 49002 1671 85241 54726 96302 96900 61253 51015 44135 42704 60112 68090 48909 46226 50795 61824 74976 66955
993 19
37640 5913 15551 93522 98506 73163 73605 65658 98571 82869 96099 1939 76936 61584 62743 3923 2896 81791 83276
7088 19
94375 8412 27637 75544 27839 21222 24928 67545 57061 8631 29514 10166 58188 85703 4075 97301 45307 42986 23859
8181 18
82963 39996 15098 76450 45999 80560 83126 49564 34337 7259 52171 23141 74272 59532 29408 37489 56597 40430
5450 20
57511 82616 22566 52840 68959 59419 57238 38670 53752 14522 71235 63132 72058 23928 65428 77409 56603 15446 29993 53725
9760 19
54485 74169 31786 22413 10930 70395 18717 17563 37745 13954 88970 24160 79470 74916 36057 55041 88640 14682 91632
9182 19
58359 90879 44973 30453 93808 70878 31401 74689 85098 37440 70696 53019 95891 83200 90723 69375 22630 52385 58196
9051 17
59432 78181 34089 28675 36707 13561 1436 94431 78732 81217 62255 90296 5714 29362 20347 13356 49720
7512 20
26310 13473 74 35094 60390 32530 8122 90572 88722 64121 25400 64757 45226 2705 76456 50060 76140 50160 93792 63912
8093 17
89863 53286 34533 84931 1934 15847 3141 17236 5675 11320 97945 22993 46747 93112 39976 35669 18541
4246 18
79660 9858 23821 75618 21451 8708 4405 84822 32000 66005 44035 53527 42037 38259 59780 67222 81796 64689
1349 19
28366 22375 94002 45850 11511 19353 74174 82237 75381 17539 56202 42110 32056 50069 8164 86640 63894 44508 75694
2783 18
38236 52842 14714 42792 23568 63986 86454 85089 50528 71281 93047 56288 95945 59093 441 76368 17055 7560
1743 19
65475 29366 24269 20821 94296 50750 23621 23004 11480 12591 89597 50948 87627 76602 9692 68503 34912 80002 24247
7201 19
75421 1870 46664 33173 97303 98275 95419 7886 71207 2668 71365 81726 17893 5891 54759 23777 22662 76802 38846
3215 19
97697 28626 87224 87041 76153 17979 23408 85996 45484 94834 56506 16565 29694 9127 56551 19258 48973 12289 85233
5202 18
18250 60356 31782 86155 19273 21096 65496 84690 58369 62898 97824 34541 24818 87187 84619 58381 70761 15311
7702 20
44431 44954 69145 29319 42188 22798 10293 23592 68778 77442 95141 8305 84473 89217 57316 45200 81986 9761 5790 129
7078 18
6535 33797 18627 83541 64421 29359 2187 26141 51012 73397 74044 43578 94088 37913 13571 61642 64525 65959
6897 19
56907 95402 83304 28038 71074 14860 10856 3932 87937 54263 6564 43423 14925 48793 75602 16476 73295 54084 37550
5604 20
88745 9206 98615 83808 9978 26363 26512 42354 3229 21085 83291 89538 19539 63689 63423 74267 60539 98019 95456 75707
2115 20
57393 56546 631 52372 56731 70698 30329 99970 67550 40196 44940 50089 82299 3811 72783 62652 36470 54155 99988 28285
1618 20
30016 59773 98289 41190 34808 30245 87687 19733 97250 2216 37148 89628 52505 39408 59552 81907 27330 43601 36 16210
1045 20
17105 25087 20595 95978 77344 63622 90560 21886 41485 54028 20566 44114 43439 87873 56316 91949 29992 39892 38313 49560
4891 19
4167 95816 81515 68083 38593 45691 28857 4718 55497 23737 35489 99788 74078 23732 28267 42432 49811 28246 4689
4393 18
41944 37998 77553 71227 23274 45930 83247 45703 7129 95520 61800 34591 90953 56902 96102 1359 92230 28106
2375 18
29920 68368 37447 20658 59676 34782 15912 50227 93719 7137 72883 10711 66067 7000 11564 23324 81737 72134
8139 18
20698 57494 67726 30109 54522 68501 56432 99605 98805 12427 8074 69867 93749 87734 10964 4255 15831 35907
3156 17
60921 70022 41816 44433 17659 48445 93278 41314 20300 18056 82727 50115 5883 69169 68184 43827 94725
5635 19
71504 43377 86870 58156 54205 94606 61221 25642 60210 72732 32143 57236 21248 13394 85062 37473 76916 50090 23086
9200 18
95783 40998 49335 23736 5786 75076 72874 94798 26733 90870 81025 86219 59635 15517 8628 13319 23611 21877
7839 19
53652 80364 56161 24635 33866 99122 60653 74508 26812 94038 16484 25222 33645 66130 4628 13704 25682 99997 67734
6924 20
71058 52515 321 21608 74778 914 26289 11872 72342 79063 63846 85194 99091 17326 72444 35243 79444 74130 28224 437
4074 20
2184 22232 75565 60749 95481 92803 66165 33235 7282 15039 47160 87003 95431 39999 40629 87243 71391 99133 31062 87114
3764 19
51167 60792 85103 69583 56429 71135 95518 6181 86064 75741 60695 26712 89748 84960 69806 33508 6290 76664 4642
500 18
57125 91652 66310 83347 58655 98148 78037 25274 65414 62468 99206 71608 23993 53816 94222 22226 22260 98225
6152 14
28053 5991 71306 14160 6747 94538 6315 3713 75597 71362 23049 16806 24180 33034
9007 20
81262 60182 80618 14445 4163 59658 12347 43561 14134 20795 44806 20561 29593 80807 92554 35901 95500 83338 84699 5882
9855 20
60258 74200 83257 45533 55738 34698 84226 89198 14014 94033 64392 21342 79077 31629 2999 56073 18568 51479 24583 69233
8366 17
92987 85671 28568 42380 10967 83581 90808 83744 42059 48329 53228 6347 69000 38146 65423 87384 57116
930 20
15374 77709 50122 98123 69882 32075 60154 30940 68671 24536 24066 64593 64149 69252 62830 8878 55988 31670 68975 76659
9701 20
65966 27268 25174 1525 1052 8094 31395 15781 2818 68342 91110 62016 51074 83698 72243 31118 8182 15834 82937 86794
1661 20
24511 85544 148 52131 38934 31834 63329 54200 78657 11558 39745 99581 61243 51298 24792 88907 35534 41620 75322 86486
8587 19
67325 4685 62910 76951 56007 61696 64378 35465 37892 89433 96446 44756 2274 32612 61852 47251 79082 75555 39498
6805 19
8175 5852 63182 87313 12103 12320 4740 21120 83178 49444 72651 83935 6252 7080 96088 51279 85071 20240 59020
147 19
85475 37898 25669 55169 77014 37483 53926 37740 14550 52718 63425 73296 19749 94927 22178 10586 68662 35845 88118
1803 20
11354 55820 66257 6187 40407 20220 4746 88812 30171 99296 99959 65450 15430 29714 49557 60834 74092 90642 4666 39287
8717 19
62598 75814 92231 85591 561 5540 15790 37199 92915 5045 15628 16116 32028 79015 51551 12431 21379 41006 58355
8791 19
77912 7524 86695 7772 91907 68515 10195 70762 32205 58323 55805 40812 99958 73654 5851 95022 67079 27407 89708
1037 18
91667 36246 59078 46511 43317 11076 89697 59650 90410 38137 17608 67113 97148 90382 23309 61415 86998 83452
177 18
56212 95196 74013 35086 79625 32108 58466 68856 24856 38787 859 58838 63728 41033 86060 56541 45612 722
2651 17
87520 40436 7277 69343 6709 84919 33345 15485 51735 90615 34930 303 66504 87639 35995 98402 89695
673 19
73053 37068 58881 17215 46508 72520 50079 96349 29444 44256 93437 59134 42583 92933 97092 20178 4694 74144 65306
7075 18
26973 99835 92121 86304 80133 37195 2387 66289 27107 91201 71055 29624 88983 17920 52111 92755 69741 753
1640 18
80930 18860 91380 10173 17916 45754 7256 57479 21242 61934 82408 230 5558 45617 97768 46517 33249 28535
180 20
22770 56086 52970 71005 98128 862 79716 3243 20863 72660 75870 84541 97815 53633 57753 65750 31588 87213 35394 54866
3406 19
39556 22649 28551 67680 2525 55139 82917 53507 3749 37390 86556 77535 82683 84299 66604 2838 36740 33196 91345
6215 18
17113 4949 29973 23386 11421 16553 94148 52762 4744 24129 2140 14576 56408 67089 94517 45216 49415 96662
1244 18
69323 4661 58545 65878 2194 9198 75652 73099 71727 60745 60374 15399 98458 71236 8718 40847 30477 88658
9469 18
31650 99494 62718 43010 35641 11627 33135 78113 31485 30660 4172 39753 90241 47485 8036 81909 24870 38285
9553 19
86467 60561 22616 44997 10375 33033 42722 21529 87340 73449 95899 66104 22578 84565 78814 64309 81772 45017 323
5956 18
61150 73217 1566 33959 51647 57377 66314 65480 81811 92215 83263 93419 7784 62969 34372 23111 18497 89882
1316 18
2024 8399 54062 76036 40854 47191 91966 42573 31724 11195 53426 67807 9602 16101 27652 88579 39821 16199
4320 20
22018 18150 77437 64836 72292 33109 38599 830 69719 23979 62707 6675 89483 1680 61953 42132 17619 48582 20351 15289
6979 19
89839 41474 32591 40294 57859 71799 71246 93347 41412 21211 30325 25493 15498 8991 43631 3425 18600 22906 76206
6235 20
54675 98310 2510 89751 51514 33564 21213 14188 78483 27975 20599 23126 10813 67868 16201 74048 89434 85956 44347 43368
5583 18
63516 53929 79473 4516 68806 34270 59162 90531 82006 8187 56583 7432 44755 45946 31047 26392 34931 21855
293 16
89089 32085 1378 30919 15322 88008 35161 19233 74344 52805 98159 66807 21757 87656 46410 23028
3220 17
8620 19603 27113 94160 90438 54555 20613 82464 64952 24106 47995 37185 54061 80587 57394 54112 50392
3978 19
83202 79777 64383 38070 30858 97688 81877 16539 95845 63814 23535 92462 8031 64152 16469 14252 22060 37725 34379
5171 20
16578 35832 10543 49129 52278 83485 98516 58294 59834 71222 53013 31258 22050 72825 72316 8111 32968 57161 30835 80163
5950 17
25452 42850 30523 85222 91878 8827 1357 79797 13810 2055 78148 64882 84196 3008 39675 14756 63389
6793 15
5382 74394 79152 6450 33019 42097 67385 11329 35889 19311 77295 93306 57183 28348 17817
5687 17
57895 80350 56915 24711 77519 93903 11163 16767 99532 26971 12006 1309 71188 40386 20019 82885 64527
4813 20
53605 80961 33887 79227 94508 92336 33141 80938 1619 4381 44893 81110 48889 56513 40613 80023 46409 61968 4925 70504
6189 18
84448 29089 80523 60912 99320 27544 57806 27676 72577 28025 73003 77413 55154 74773 38508 35114 35704 55709
2541 18
23352 96147 57554 79040 25662 73929 12444 32094 41831 12038 54239 98796 43459 29965 19302 59039 14967 5197
8390 19
32568 42303 48266 60519 49743 87760 1030 90866 56049 52167 83316 17788 27709 65036 18962 9561 93150 90497 44742
4970 17
54697 16374 93042 92407 1884 57228 64532 86094 65783 25864 50590 66749 22227 78106 23565 78365 29620
8931 19
44975 46470 5681 56908 78860 19568 95780 30542 85129 9389 68618 14462 48430 99045 14270 73278 51296 64479 79669
3837 17
77213 22974 98230 52789 9470 81538 27601 62685 1730 64520 91342 77605 89564 48163 64117 76390 25504
7731 18
74564 70586 71930 54980 31608 22107 6507 32855 36559 30295 4279 72130 52336 19993 53230 3217 89097 63158
9751 19
30671 83119 97787 77396 94983 86798 88494 40731 68269 36902 6374 78043 81153 15698 12414 92385 68977 67431 16176
416 17
27052 96196 71411 80870 58698 61397 57140 78548 10280 82929 19674 84065 97542 348 1508 34561 85782
1226 13
77342 44775 86281 44968 233 62617 22973 94276 96907 8998 64032 95939 46361
2737 19
1780 35484 13839 78710 64827 77444 89450 43703 40330 3905 46156 80130 33748 31512 9560 3325 25708 87118 78758
840 17
7307 56240 32726 4366 40919 93694 31436 80058 27925 49731 15538 13123 80803 12625 24554 11608 36179
7438 19
92491 76815 43162 1137 35463 42865 51686 50938 85581 86426 68645 74677 29776 82920 7093 59314 89848 39760 60101
2126 19
91307 15433 24695 2994 83515 39045 37437 39158 5152 33272 46775 80042 18221 79908 75921 92653 6266 16653 14772
2147 16
14417 21848 23635 69647 58874 70931 87523 88703 76154 69524 79979 39926 94883 66472 46721 70177
4381 20
21975 38669 40460 18215 75947 3505 1852 49126 46161 24950 38524 81256 47841 58217 4894 89736 1734 31979 50195 54841
2760 13
78645 36859 27297 57304 64077 93269 30126 89490 78331 64610 16929 26113 85851
6079 15
81771 36151 15659 16853 80276 77000 76709 22024 26665 61223 97034 72673 49 49798 10997
8910 18
61520 97575 43138 92261 32055 87320 56663 4878 42750 55435 83365 35807 26215 22611 81603 19559 19798 13132
9027 15
30917 80014 57018 65839 672 33279 66363 7339 7881 32154 87363 96865 58873 65327 16771
1525 20
27961 60421 53366 68314 24060 42323 16791 93090 56296 88997 91112 59789 73558 22667 9352 62072 84745 94367 95293 9687
5849 19
1608 97553 99523 2889 49834 44926 19152 79817 15196 89578 13806 75944 11766 80951 45652 45671 15950 45274 80858
72 19
78903 86298 89314 46450 48253 91093 11162 4881 4102 54942 91784 59615 12452 17698 60433 38635 16099 63639 52737
3545 20
70207 52409 76042 62319 96911 94688 35466 90854 11624 51188 14653 67367 6648 13834 78285 21320 40498 5685 24607 25525
7259 16
28997 72463 70983 5724 14752 76191 32807 65832 25195 44513 28395 76989 40686 14943 40291 28376
440 20
97381 92904 75875 22116 72845 65068 51407 17196 14865 96386 81887 22669 22051 52863 29751 90229 52208 64025 88277 98786
9963 19
54749 66242 13534 51392 11101 74257 13159 43895 55717 32448 23537 34741 1914 27003 99824 3471 35723 9928 47722
6253 19
51545 43682 10342 66108 98355 77863 34810 71436 81202 51490 43797 83025 25956 9713 56995 98882 51496 1822 96307
1394 19
2359 1096 11683 81438 88850 66090 54932 77041 94512 15018 15424 7515 31292 5295 39712 62801 15102 24054 63950
891 19
5752 87948 33768 39858 68095 74930 64491 67375 77788 69921 44791 76477 88916 2533 10855 6322 25101 61413 79752
5426 16
72585 5925 19950 48107 28081 75702 80817 89167 72459 51907 8856 68419 55517 80783 45328 94840
3818 19
40684 36133 82884 77664 79850 85029 68854 88240 84791 21513 24980 63719 30574 75954 98521 37897 825 96670 55017
7571 18
47873 32320 86307 14748 78861 84042 77627 14527 25497 46106 50211 20278 38860 94825 35514 92146 98311 81760
1348 17
19371 53262 13098 39422 90465 58518 6111 27379 41574 65834 10838 56091 90943 73329 9142 55706 81953
5291 16
84149 34906 61936 57167 59522 76501 84620 70384 38170 80916 28149 56315 90668 14817 86902 65915
8328 17
86907 92596 3549 46690 17414 8882 9753 74458 76330 45149 70422 22131 63526 42852 45518 28629 1788
445 17
27036 14411 24640 90346 86612 92413 64459 24482 59344 35349 36172 32384 2014 69678 55148 18854 47090
1826 18
83330 21922 66497 18765 64048 26070 38060 79766 20399 17481 62632 83776 21512 5968 83483 9471 55687 90765
1432 15
44014 43667 71266 696 74840 39239 92158 63003 84417 35888 4996 39998 26297 67751 1554
4250 20
64845 79679 25688 12544 98758 95329 8999 4060 8404 20049 59754 25963 22377 71909 95498 89802 66035 6612 89315 16418
1201 20
78818 16196 58677 48464 28933 91106 33588 99331 63192 4850 34078 8851 93111 8585 6471 84256 26759 66837 33482 99899
4252 19
73224 19213 86957 72729 62340 26067 73659 92372 73169 87121 48475 58654 6511 28200 41155 56397 69466 51077 34069
4297 19
41818 40293 7838 40342 71757 77693 28652 25838 75660 8519 10514 85081 19612 81533 55765 596 50128 35826 5924
2953 18
16549 22626 5542 1125 33749 65556 86686 59967 52164 90514 90341 32942 39674 16562 31856 40676 26084 15777
8516 19
37749 7934 52966 40117 71570 97292 52095 98294 74223 12477 8108 44249 98274 91035 75237 47954 69865 46251 78660
1584 16
80641 55911 51502 39082 13976 20516 67789 21771 11055 35610 87744 92745 95584 91937 41634 30631
7400 16
13517 7689 74848 34825 8590 69153 89982 55175 69903 63989 57596 61739 78907 81389 29435 17790
5853 17
45690 74745 69503 15189 86337 95766 35992 74376 46472 40237 98161 7334 52055 26098 78738 71022 51319
3277 18
23432 19826 67204 68496 60395 39549 39314 30216 39191 18635 96648 94314 4816 32672 13431 18984 15674 29145
4830 18
90407 2082 65869 44469 43359 19407 52179 90737 12587 50014 47652 57205 38252 297 16188 9797 60012 31810
1137 15
94733 49198 52467 23843 73122 32799 15617 53183 49964 181 41013 38498 89486 75813 86110
2632 17
58992 58005 63572 45380 33741 84222 55553 15425 69919 17173 83070 41421 70290 32822 41768 33928 19336
1985 18
21711 53075 17474 61947 55034 21684 44967 75766 36762 12654 85728 46771 50199 52897 15175 21898 72046 77460
3186 18
15050 60091 64921 68807 31037 33520 37262 25812 11697 12675 5550 12170 15814 96963 9898 63734 4252 13938
6355 16
97645 41965 33872 70258 20133 84084 65387 94618 50907 17030 62766 56480 31177 44783 10185 91485
8738 16
34438 20614 68221 1081 46844 42857 89237 2052 92795 33701 485 69069 47390 10840 36519 41936
7291 18
22361 46919 93667 5342 59060 94577 91141 97174 12393 35956 95184 41236 72354 95257 4819 29640 13447 2913
4758 17
41803 61417 26076 4552 94218 71749 2686 74497 91216 47525 54287 2051 92408 33654 24709 99010 84347
5123 18
68230 22311 31182 94583 73875 87725 4620 19589 44 33095 44326 87570 18712 47057 32289 35623 26371 60536
8363 19
86460 75160 19297 8218 22066 24495 10067 58215 52197 95698 79757 90492 77027 21268 21457 17958 421 13267 12905
3626 18
48568 12872 88247 93048 35013 43673 83171 93140 18769 64512 71046 51156 97070 36207 60051 44095 71871 47103
7308 16
10896 21713 75913 48460 67249 11678 56598 78871 24598 24479 38808 97823 29482 31752 54440 40867
7582 20
37525 88057 33158 82778 1809 91952 74381 20934 48702 16226 47879 71537 84906 57028 62470 21340 29878 47593 69696 77684
205 18
48013 59987 38482 66489 17610 89409 35266 36301 67607 64997 5036 28752 22789 15899 54398 81965 8895 85922
5263 16
73291 34601 15260 64389 38744 35600 83457 36344 21385 805 41725 37405 63602 78398 27573 90365
6644 20
89990 62465 5281 47332 52990 87633 79918 60249 35676 34217 91504 2164 10816 32722 59710 43182 39066 67532 73905 34688
3334 18
70502 52459 66019 8390 3390 74193 78535 25209 1165 72123 87949 95596 9662 86180 28291 67012 49268 18424
5523 19
74547 82572 20012 37009 89131 33580 80571 36834 40020 48363 44354 65454 67081 31078 64293 17531 95018 31675 18711
4975 19
15294 46795 82202 31058 50453 59131 4055 34111 44093 67501 17712 31660 9209 32445 95820 8832 480 77534 27153
4473 18
42415 4317 53865 73746 26005 6122 50259 71325 49167 23389 43064 18569 91984 51623 80782 50710 62394 77021
5589 14
28172 30920 93461 16716 18607 63705 41680 8447 59911 7436 68026 59009 32515 99825
7995 17
76518 7514 78404 25285 77993 19974 95027 30852 72285 28990 47295 5768 64041 55364 74621 38128 96627
7281 18
4425 53518 35664 83800 8971 33026 20628 12771 39968 64213 88047 87511 27077 15340 74003 3009 92440 26693
1601 15
99629 1408 8350 24960 48156 44328 7951 80302 86336 97871 77556 40625 21338 39225 98568
2366 15
77114 65455 49331 1973 51078 60684 39807 1659 49368 15075 93864 78503 31925 6938 90125
1307 17
46815 23465 40496 72959 33850 60016 52535 1529 77218 75297 48817 37105 24787 54991 76167 82495 30185
5471 16
65498 60059 92558 62953 69600 90653 54303 31354 85226 33430 64136 70949 24670 67905 14515 44193
9496 16
99645 58606 62496 37815 96840 18046 79773 74179 1530 57726 91416 48561 94658 73873 13615 98391
1014 17
62913 33578 74625 67950 21950 76791 30283 55274 41197 19587 77146 7927 27325 74634 65429 46274 37599
3605 17
8975 83102 13642 45987 61346 66554 94252 23769 87257 68443 72147 31578 25793 27779 4942 83853 42192
88 20
92257 9925 71517 64710 83567 2478 26920 13921 16584 30039 87879 95943 28074 15842 42841 8235 85299 83687 16004 96717
6609 18
62769 26726 22173 78614 73426 64281 69910 20546 84281 76612 40813 15824 8037 44884 34525 91760 17782 6635
3394 13
39436 15939 54203 95135 81118 98924 10310 10938 58482 2863 41598 64967 93786
8374 18
34529 23392 61291 30673 81036 3224 25691 65749 18178 66551 78921 40208 14795 25927 52819 42072 34899 36979
4019 19
46896 75900 24748 73502 77622 68577 8242 4418 93507 11158 45883 22638 28194 97352 57610 70984 86048 97287 17988
5117 17
81352 84432 8709 18535 3822 6466 4056 94198 57577 24745 99375 96074 47619 12315 23603 99343 46548
5269 18
27223 38405 26048 5257 7929 39365 86823 9236 24854 55893 61193 66959 41417 32970 34903 79595 84148 63780
8749 14
2101 96812 48870 7714 10037 17543 24714 53059 301 61553 65518 13284 62911 12262
6708 18
86005 33847 37840 46731 41018 3164 13767 74189 77942 65529 1616 51954 49812 68926 4332 82656 25097 60358
7312 19
50617 49967 44421 62565 24747 12490 47154 61924 94242 12197 88202 28791 58254 39265 61897 33892 27440 23031 18369
599 17
65840 77874 84613 56373 86730 12746 11155 89722 2772 70241 78333 95277 91700 23800 25834 87674 87928
1241 19
29536 35438 7283 31753 25953 30381 22364 6017 67054 32832 86125 58465 64170 38480 99029 90313 34500 47856 33262
5771 18
86501 33122 1209 24242 99914 72219 64988 59863 66534 3612 93974 75809 79899 54432 93188 49265 33987 61655
2162 16
93034 31645 49668 54504 17961 42376 81610 63614 84861 54449 34879 81932 66269 35593 33165 44531
3134 19
34939 78031 35068 85767 57795 66699 51206 85527 76660 34373 24736 76719 79014 48041 56152 55714 49408 57609 96407
4592 16
22756 11984 50130 2737 67041 94241 7033 56565 66520 32609 62166 73461 71248 22769 99838 128
3080 15
81404 69934 20809 17256 74341 87054 3671 31796 64673 78611 40481 6733 31977 54164 1883
6484 19
73073 64720 22878 37335 6410 39787 66040 91647 53319 70009 3922 50057 26862 5028 86189 87186 30527 2347 65804
8887 16
19827 12560 89506 96383 42539 41297 74971 45450 67211 73556 63045 69321 26988 19482 87881 6956
3034 18
44302 45572 70245 1035 25349 50059 69266 18416 28057 88522 91869 64024 67044 64825 65198 41881 86482 97841
4430 19
44228 62452 81339 52219 68883 36836 55012 37464 1557 92534 11400 12679 37523 3216 58755 80658 73238 80369 93730
1899 15
23284 60303 1716 62989 58204 38591 27669 57857 18414 54589 9339 3380 93748 42150 25893
4277 16
1840 87780 43436 34590 5683 50526 59812 76239 41002 93834 43504 46843 76576 99806 88908 15890
7042 18
60582 42074 72464 37687 64879 38712 77640 24343 10231 94727 18110 79123 87349 18938 1911 92896 27467 69648
2021 18
1843 27794 71286 50373 37252 78156 81421 71534 35269 23418 32198 37960 74288 59167 51017 78468 12950 64069
9686 18
12234 58585 1739 19857 67539 67202 98885 18898 4984 65300 92969 3052 66874 89718 91702 29417 65441 82545
8005 19
66483 43568 69565 63014 54867 7518 80374 38757 58998 22715 2171 98798 11769 59779 50403 63729 75201 44049 71358
4717 17
56201 65413 2654 29078 36568 51880 86264 67252 43891 61195 61563 81351 28190 26828 49956 12998 79767
7838 15
41456 59223 32256 4101 76370 81182 23853 67961 44332 34832 10875 44970 34154 3645 23441
6338 17
99700 12190 87196 95615 14542 90076 24605 84191 50679 68607 73241 28228 45550 97460 85867 3993 87956
5345 19
860 89116 97852 15602 94530 98257 32964 24450 62392 72349 11138 17624 31374 36536 95436 90912 13629 30131 56301
5761 19
90886 19707 82127 82537 22202 13204 17367 70757 59747 7101 77951 58793 51586 90546 9465 83633 49440 58848 84117
5438 14
94553 87397 98 68452 13272 12924 41381 44812 6373 76256 89930 49632 60056 527
4011 16
56544 17556 27377 93247 91863 62780 27333 91367 45199 64750 19886 71497 25444 95834 84344 37512
6367 18
8507 89772 95063 18716 68008 74113 41361 7512 51554 12701 4513 55679 51998 59315 55688 4138 46085 85339
8976 19
99108 935 11277 65931 89239 74851 53060 12849 78872 73120 10516 7834 3108 64180 33228 82073 43847 99779 6077
1731 19
95703 43551 45653 49365 58646 62603 9773 68097 88863 6756 26239 26296 40693 4499 84056 44982 76857 2408 19645
9795 19
82816 40005 63213 20885 76529 21612 27957 51869 21198 17117 43506 66744 91990 41804 76716 34002 47305 20434 65418
6821 19
34765 13254 40424 1631 64475 6120 40734 65710 47392 99232 74059 38721 85849 36401 82842 95339 30421 2614 93884
8821 15
19272 18327 13529 20679 61006 29246 73000 39946 73360 41558 81453 36554 40983 61562 51076
242 16
20744 36153 189 19002 23468 395 70018 45438 43269 89742 48235 10942 17280 86949 10820 98978
2165 19
39897 5751 15537 41707 31359 34551 58770 30023 31140 14905 34105 66297 7075 25994 92114 34557 86229 83067 42089
3622 19
17987 75569 4741 17060 24612 1945 95080 22725 73330 90636 57909 44900 89331 42567 76681 66237 80674 11707 12239
3868 16
88866 35657 15235 78867 15483 8246 20585 93556 71860 77797 48204 36551 14853 79373 45565 38492
9316 16
5807 70147 99852 47309 82906 37623 47249 75727 83085 33100 43322 78016 42636 19434 85069 23358
8226 18
55921 97687 63151 39877 1389 80110 32452 91670 94548 39729 67199 23282 89734 64000 62583 32778 42020 1636
4933 20
20954 39705 94648 67725 26933 92209 14509 23819 26349 8786 23748 93439 79794 84850 20475 12876 1839 17651 79686 38428
4380 17
20565 20263 82752 43103 66833 52213 38621 93492 44273 11324 61185 42963 18963 5229 46072 45042 21474
7366 17
21410 8121 71278 37221 97508 63615 43530 70600 99933 83223 19856 50284 36123 17681 31079 62596 74171
6470 17
52430 20950 95501 50052 35795 18006 97803 64147 52709 81962 1076 22269 90831 1969 97384 55265 28558
4316 19
13342 77513 87587 71294 78639 27151 14926 35146 5208 69061 37870 24007 33788 99961 59990 26179 66447 4950 18902
7039 19
91512 67834 77918 35573 42126 42519 36815 98041 27978 83474 50114 77076 85555 72967 70713 76407 20064 27899 71440
6960 15
6247 71899 54459 19748 38352 10844 72698 99689 50433 14405 67911 82588 69862 36781 61486
4535 16
77091 28322 69520 66425 25667 36600 7516 58582 4879 96236 23752 57008 17603 59703 30949 28816
8683 15
94313 22774 76224 70123 94739 58644 87996 54414 15613 5972 16759 17992 44385 60422 25176
6218 15
28704 99660 71790 9772 18018 21458 11167 26004 97296 70536 66609 93996 78879 52549 90010
4395 19
66605 93942 77725 91034 90725 91851 84928 93784 48010 82899 80554 14023 68609 78663 12772 94303 69050 97933 19596
8008 16
71377 50829 61943 33914 37017 35381 18070 3839 93520 38386 86370 765 69382 47538 78634 69813
4556 18
32157 40510 57800 36222 87866 37414 43049 15115 45034 972 64985 74165 54089 33926 76785 91644 64604 56560
7104 16
6640 86511 88759 92978 52594 11303 54403 2984 50761 80549 31313 13281 61556 72320 71194 26014
6980 18
53205 55463 46236 96257 95986 5817 40284 5705 37419 23837 57681 25220 52865 92148 18909 10247 345 57447
8521 19
64176 83416 49863 86004 5922 3523 9525 52981 14317 66555 55003 92700 98065 53094 45102 75115 6293 94592 72412
4367 16
21917 17724 83811 27337 8973 83027 16329 55056 17410 44992 69318 72896 65627 92503 87161 62775
5169 18
77688 12931 31372 9265 49902 81107 56605 7598 29783 96286 32860 66741 60266 42785 84648 55356 26720 79585
4457 13
89928 29127 89588 48851 90672 43625 29944 10762 39188 52833 87383 13166 74825
6025 17
15234 6027 69963 10318 83520 30227 22909 95640 59016 55115 73040 7756 60996 79770 57798 32999 22120
5484 16
66854 59674 41165 57344 65001 22448 97383 27715 50882 72129 34300 37417 13019 34213 30386 43379
751 16
51453 91075 29854 5449 33695 18471 15535 59538 92605 74094 70627 59492 94239 41058 65399 15713
6698 20
52944 76220 93865 48694 89391 78589 29418 14519 16542 70031 61763 48976 48503 90165 20552 78901 78305 78708 49808 57357
6423 19
16915 6832 18339 40246 95350 95909 60935 7116 51462 64766 77451 59936 10228 83681 23991 28524 9657 92164 29438
2998 19
3616 16572 31009 41318 13822 95424 71448 88364 26160 31381 12141 94677 54540 1070 42006 59790 14986 26729 87616
371 16
48248 62569 12359 76661 368 74557 76161 4481 97230 51237 78025 95536 49930 48435 10165 59367
456 16
55689 71859 18385 18127 7165 66596 41921 62416 94108 60387 37620 87689 53796 44679 9380 59989
414 20
58203 57632 134 4391 35170 30257 13209 3857 11876 12491 43849 47195 82540 55000 67594 72431 98692 78367 75477 61099
1815 18
39778 46231 11472 77584 53452 93261 73409 66241 96408 32932 62223 72567 19271 20432 52911 7803 36287 72742
9971 16
1694 24796 49050 183 5995 43708 49710 96296 35042 29304 94187 43009 39106 77332 16829 25659
16 16
45060 59477 46573 65538 46212 12081 31044 14484 40720 69365 78933 45051 80933 21273 86246 79317
9667 15
13401 59887 70655 54762 90180 36504 43833 16180 40011 66302 56222 94791 20501 66630 50609
5113 18
40419 63919 27943 83827 9777 26368 96410 87593 26672 92685 69790 70484 14354 81601 21533 4515 10913 69974
5568 14
11989 65855 66563 40116 15721 70548 22644 72568 11333 86322 83113 17432 45053 67294
7601 14
70028 60839 77438 51149 9712 30420 46716 48744 44649 16892 31394 4908 83421 89117
2887 17
52250 93017 80591 79304 49005 45836 69447 85251 22640 59569 83250 38765 9226 99720 51033 49829 36666
6341 18
15046 47705 63048 31193 16889 30680 99801 45482 87037 11775 76234 41087 33842 88964 65179 13191 99253 50354
7644 17
43396 26476 71355 59212 89347 97054 43063 69898 62560 11830 14944 22370 79845 7510 86800 51970 14114
4626 16
40041 93171 5871 59185 72668 43299 47208 61425 5799 55430 41373 31619 76669 47575 12639 27547
9070 19
1833 95623 26864 50741 79699 34749 28391 18933 48849 41616 95459 18941 78692 78830 22344 46400 78622 12507 12301
3678 16
10529 79816 7032 74726 76329 59509 21110 78677 47403 62688 61464 29646 85429 89351 63738 53732
5889 15
52847 67023 24905 60145 46453 50516 53887 41564 25503 53753 52052 196 92496 21957 56880
2354 18
83836 34592 13855 85588 98489 40503 36553 88758 95568 44082 64925 17389 84102 94728 10055 18980 43350 48364
4231 17
22830 93013 28 33514 81509 90565 37715 26108 83453 7049 6070 21764 17548 68464 48429 52359 24035
7522 18
29767 61301 2928 28974 86221 85693 10837 80038 81844 76845 50272 46514 92297 79079 66881 62507 42465 16835
4490 18
58202 71337 81386 16060 70238 83630 44635 62514 77937 19038 95526 94608 49258 73041 39788 88257 73008 6041
7511 13
16503 31358 7833 33910 61640 75046 76480 59683 60278 56141 8434 86698 77109
820 18
17999 52153 81969 30251 60338 20672 8452 54419 97361 27479 88971 82097 26664 9376 44633 86250 44370 66360
9143 17
49178 60772 25932 45158 48011 85265 88929 91287 57260 52799 66006 96999 88337 40948 67560 69322 42356
9053 15
40703 71014 5886 1638 87880 16455 62941 99762 85879 60614 5280 47051 76721 21702 22199
4977 17
63297 11224 49185 28301 24860 50638 67647 37896 25892 76211 65947 16293 90518 29970 67010 28157 36862
2657 19
12476 24266 47663 66936 60851 70935 67057 20372 29608 68893 46433 83921 86839 36709 69036 14268 32792 86153 42175
4705 16
37941 9691 19051 92431 71928 26982 33664 24661 95102 66365 29112 15961 28939 58350 46654 27498
9767 15
72338 84385 95529 20734 51380 18458 87893 27427 20073 49839 25318 87193 49889 63897 65146
3679 16
43919 30290 53944 77953 73279 33897 32628 49586 15648 91484 54193 20209 39446 23169 73820 64846
1550 15
68279 46278 27391 39689 95024 9830 53781 76247 33528 55633 96794 40400 94711 18735 38858
627 19
74570 49106 41993 94802 39432 20137 76493 13907 46427 61874 92874 60226 60962 18989 17668 47618 75802 52170 38799
868 19
24532 71352 20414 52243 47902 44131 17941 98580 50525 50252 89428 42156 55200 38056 4267 19436 48775 26508 4022
5177 17
65536 98745 39707 40377 87343 62448 97785 37729 12620 93683 40825 40640 55279 31518 35665 63765 28931
7786 18
17896 28405 35502 53760 15505 38905 39415 79747 49193 95619 54098 25158 1248 58615 76788 98713 41312 30416
832 18
86392 98497 29746 26078 76482 42719 3870 4567 54441 4118 53142 17213 12923 1489 44419 85275 75680 29059
2252 18
94128 20491 48674 43402 5275 98399 61904 98116 45813 45591 37181 66032 14864 12246 28909 54837 75086 6297
9050 18
17366 88577 88542 66215 74653 1448 49814 23599 69708 48854 71952 36869 6413 15685 3889 77321 58266 78140
703 17
86055 73064 49338 23091 66951 89033 56745 36614 70286 79756 49317 45427 10282 39014 97238 73048 75982
3491 19
39981 83403 16186 36976 24849 92693 52272 84838 24919 87251 81078 49651 52810 19591 751 55230 74566 39672 77477
9017 14
91709 14022 5712 19329 60058 91892 26768 60619 43329 91072 80430 42812 65630 95557
7726 16
79952 84050 61424 9587 88213 29087 63936 43404 82992 51359 91734 52019 65491 44524 44950 85737
5666 17
99373 64346 99441 57402 15219 98253 35070 37384 43426 7042 84008 59019 57680 51504 61210 78212 16932
8677 18
59762 61954 69066 98603 36527 63444 84362 27075 87787 86212 5765 75934 11813 57476 65537 70719 55736 54100
9775 16
77110 63160 77427 79094 63112 74620 61448 40064 91818 58834 4152 7553 65172 75873 51106 10071
1565 17
60497 21345 34472 94823 61342 97056 85015 96150 29635 71487 32549 91398 82383 19907 52008 72597 5130
8505 18
51950 91543 75626 82264 70781 63958 99498 40259 80284 10869 86182 35399 62215 4848 44883 68405 68816 53693
3742 19
22010 98741 34927 57230 19787 93305 38617 40542 24138 39609 38515 12235 70768 90056 27890 10046 45008 53473 43408
9992 17
65697 18310 63811 12834 19245 84675 24118 50037 21906 60898 2448 65970 94642 54487 28487 97315 11896
5439 19
96330 74913 60442 49521 86206 69698 75089 24440 17824 11942 80092 20181 10570 95183 92296 86027 62001 838 51725
1910 15
75890 32105 38706 10968 90245 17618 11762 90311 40637 48246 83784 77121 44994 88359 4959
8101 18
85863 77330 7489 18975 19326 44892 25853 27883 9825 11981 4386 69595 87425 46390 8586 96290 69837 87912
3212 18
88095 84954 4550 17702 36599 75898 15474 26592 29924 98398 9199 88836 703 3318 85403 17078 55051 44512
2137 19
70379 37854 56949 64790 14704 4572 44632 36726 75376 26245 46404 93795 56775 24477 75016 88626 23019 70737 16397
6636 13
42641 997 71874 5454 54092 97223 1816 60066 95361 75695 47982 88953 32592
1876 15
73738 42203 59688 36846 59643 47861 89753 46246 36623 69212 62546 70547 64029 43177 32017
984 16
5364 20155 38364 55512 64584 3149 10131 98443 62866 26821 43392 43599 29093 73305 67207 99627
3883 15
81808 44369 73083 97903 33589 48709 52270 51928 42944 24416 73176 45299 99574 60726 22713
8586 16
9338 57052 91898 62142 23871 63990 21071 99515 34679 72714 48353 95205 72500 97068 72661 10523
2297 17
32352 98491 19238 67018 61759 74118 54343 20451 72402 48161 5511 6718 42504 70960 26037 34902 44219
381 16
83622 64923 41769 26995 75098 86835 13349 8747 17315 7 2754 40665 97925 23543 3837 78218
3402 15
24221 72049 27412 26356 27345 11416 90872 46430 7899 81827 36767 16323 10026 75387 51228
8157 17
30093 33974 29338 77610 52112 88748 80572 38401 17039 8976 62986 5079 56037 43416 80212 43003 34530
8654 16
8283 73803 11386 87588 44501 95879 83828 59438 93649 28178 5419 43786 86537 45237 95915 1226
3891 16
70328 96200 77393 36064 64916 21847 5875 92040 69713 46221 17549 27807 45174 42805 47052 86807
1529 19
4901 41270 38199 87482 34145 42523 79966 77662 51543 65288 25606 6554 87517 72008 41228 41879 12962 9994 53440
909 18
89774 1692 42366 87173 17502 33171 27663 75877 65927 51278 94417 31093 87262 3975 8163 92502 53707 68062
8449 14
14558 20646 45138 28274 80146 39740 8130 1067 63841 79160 6551 88496 150 18333
9083 17
86690 83084 18163 61835 88035 40282 6584 43505 42921 73373 87954 59202 56694 95793 44722 83883 64502
9013 18
64716 79910 88859 28809 63012 56101 23750 45327 41657 52400 75957 97195 33431 73728 46927 49605 47364 92583
9550 20
16900 13768 62462 78565 42609 41342 7589 65218 72705 8236 4066 1235 72989 84170 77601 55522 24547 62549 96624 94058
8691 18
48126 46058 1012 55052 80049 35565 87419 18437 15480 78477 20152 50247 78715 29434 85175 15371 11153 59290
2567 15
36475 71812 96810 20741 47761 8448 15997 18612 17752 63381 48742 72348 30691 72801 96368
1154 18
76263 89411 4517 21593 94666 38244 68390 82830 33886 87964 22384 93107 44725 45281 78403 13341 36558 10939
2173 17
32546 71167 51897 33439 12607 32753 82221 65624 93331 23723 16757 23658 73730 22842 61124 31904 76018
3854 17
2245 69562 6534 36681 23466 80787 84046 23882 76913 94929 20817 92790 32246 28893 28622 27739 34562
6153 17
3584 42225 66858 74845 99823 66107 84343 75433 26120 69519 51064 16235 72700 21525 60960 29233 9862
8409 17
82810 70955 19868 16772 56398 36205 10599 64630 30021 69191 38887 98392 38604 65606 59291 86197 66290
5857 15
6504 40680 22716 72811 85184 94779 99699 7444 86694 44471 65193 25390 58643 76320 32808
3557 19
32255 10628 92543 46084 91890 67424 68202 72189 1414 29299 13712 49773 74202 74924 82178 48606 63197 73815 78521
5360 18
33065 91915 18325 82605 56937 43051 56856 54788 20246 20416 31018 55642 66546 76585 22487 1845 73095 59857
9710 16
6781 2326 20296 81390 3434 31160 3849 35928 75325 67212 30201 983 93727 63170 56679 74772
1455 17
49776 84335 83228 42826 26347 28648 12021 18743 57348 39597 21744 1861 29948 49498 19662 75734 69716
3552 16
43720 31819 89918 68779 4127 85967 42 12167 69434 15879 53591 77022 64890 39157 46670 58989
5851 19
8445 79965 3982 23556 21720 87530 56563 12513 17291 95728 45502 85653 3163 21555 35601 99002 21719 50129 16980
5390 19
1629 91957 41659 46059 96555 76674 98409 37734 9937 80485 5053 65140 61675 83944 32506 75021 41223 6763 41258
6669 18
59832 96915 92111 3242 85781 23109 99363 42918 67049 38592 85615 76938 13095 35314 77258 1918 1889 1901
5437 18
29133 84137 62156 75118 39244 78972 63416 94845 40517 90727 10326 36537 70941 99313 46209 49865 37541 19419
3145 17
37013 18558 96033 56520 9298 56795 67669 8138 82833 75249 1539 37118 18257 92592 24891 38087 43228
61 13
83635 10448 30734 22628 26630 270 91850 91434 4280 78493 81777 99911 74641
7124 15
50099 54052 84187 80820 33815 95164 78852 15534 15911 72194 63152 43774 47497 66112 11559
521 15
57801 7326 82837 88648 85149 53166 61408 4233 76673 2254 35549 98259 2059 84559 11261
6285 14
10892 26159 96251 10521 41241 94245 93151 14578 86520 62169 24073 32485 86974 83809
9432 19
2249 98418 56335 17858 81542 95835 11634 11793 96975 82880 89583 29522 43546 76675 34357 1915 36104 16250 42127
2959 19
10966 79181 53266 21030 24428 59342 78222 95288 7950 45449 90280 52491 34390 37926 52099 87495 47127 93502 50771
1476 15
47921 36162 67602 57158 72019 80283 96318 81097 75901 67690 71712 97603 1961 97715 62389
2746 16
27449 2760 37813 77302 61610 39339 70366 84885 6172 11870 86804 81792 96044 17972 92342 94130
389 17
62520 3777 2817 46437 60813 80513 98125 89658 35872 85213 97289 57105 91243 56458 31056 16355 60971
8356 14
58054 91403 8343 3504 53666 80143 24481 61278 7053 85020 88018 25656 42471 22097
9285 16
65242 5962 31541 78262 41747 31449 22749 31286 57207 97926 95510 29181 47155 5194 91577 8888
6377 15
59581 9703 51511 8518 38727 27763 67396 27433 79352 9806 87756 53190 56798 19430 66152
6199 17
38996 13104 22032 84358 44224 96845 98086 1336 65281 29741 65090 22697 36955 68499 57607 87878 35333
7975 17
72722 24213 83556 61299 25559 98766 37579 3073 20873 40404 62832 9242 59175 69390 34605 70037 5211
2260 17
93385 53854 49470 43072 1867 42714 94835 97427 40058 21737 95866 87116 65117 32797 69575 31416 29339
3892 17
99035 36386 94948 62900 98800 67317 71082 22403 53692 80893 32622 12462 87941 42265 92764 86775 730
7534 16
6159 57846 42500 65621 62332 57589 63250 96584 47444 46911 12910 62273 70731 15974 60646 23357
5565 19
4315 56005 51182 79310 77462 5639 91866 48934 72878 68023 95217 14332 3209 64592 29798 66873 70688 39586 70730
3572 19
61989 60392 89382 56378 57615 83768 92553 11614 58966 86559 7170 65971 55647 36954 71847 52260 25351 4815 38634
3580 16
15914 26308 68291 74033 43312 88651 94672 7837 33000 12403 58325 29107 47553 93285 84211 22381
9564 17
78145 39193 32607 38194 65091 4400 3879 47827 70424 56167 77329 94564 87438 92259 89514 36491 69604
4660 15
39466 49130 50666 72867 62952 34629 82664 6364 10404 18015 49197 68486 26081 53046 8268
7819 20
47416 71839 45905 88097 42215 89224 58796 8183 21414 86747 20549 60221 53006 39170 32704 86604 1367 37514 58040 85469
9772 16
45682 10161 77264 41179 10639 18994 71956 39849 1331 12919 34725 70656 95372 90925 20394 63725
2608 19
17701 94767 70583 49034 37863 80164 11918 79658 63594 86940 54742 36745 34119 56123 36770 99212 54180 46504 54120
7099 18
47399 17825 92480 94394 44858 42133 25972 57840 50485 55683 43684 50093 30175 72976 87543 80436 24441 87568
5200 16
739 17045 73487 16919 38119 46191 66843 3784 60888 98368 90506 28276 60617 58521 59035 60677
1268 17
47798 98037 17914 42468 30239 12045 85192 73816 97669 80268 17540 21854 2779 99819 5787 37784 68325
9910 15
27326 32944 43973 29210 63854 93810 46506 66884 30943 59231 76814 32962 65676 36877 77649
3470 14
20558 98740 83206 73037 46955 33836 78132 77800 56067 88324 72116 20222 44068 23632
2385 17
59548 32956 516 31141 69049 96413 49303 81722 64820 18518 93376 34520 88792 40289 80895 93991 89783
5912 16
58401 15943 77245 7871 88435 63121 99381 14229 56772 17694 36075 35156 13665 55233 96622 4145
124 17
24621 61355 24050 73992 27245 14060 95809 42217 1761 15639 22781 19998 50535 14797 15396 98554 59965
2701 17
58852 46258 96024 99187 12255 71792 11694 86873 14226 99502 26007 94087 30546 18748 53122 86529 54900
4637 19
63609 28299 26142 46712 95262 16353 59528 50684 78679 72198 48895 36055 96659 67409 54237 89342 58115 89102 20123
3719 16
98025 81004 47367 34807 37449 80832 26483 7953 41713 74216 89283 90708 38987 23489 97039 94938
4386 18
55589 76411 81146 63486 27770 25605 55159 51559 8144 74910 53983 58984 1441 41057 51286 70149 2757 50686
8613 19
50683 34227 28574 89288 51849 93189 54571 34023 9037 40149 90998 1713 69355 91488 1234 84969 63359 36244 46159
1488 13
24347 5672 94462 22695 39288 94939 1762 80258 33891 32887 97224 14619 37975
1824 16
18005 15316 72932 65226 8572 30186 63962 46666 80885 33502 22845 29019 59120 24816 93300 60722
2819 14
53398 37738 73219 94870 3543 84131 84230 70051 75810 11173 30728 37410 66875 43189
2960 14
34976 12111 55584 43250 87793 81236 86783 45342 50442 51282 57689 73536 63754 93223
4463 17
28195 7858 47964 39388 25685 25398 53413 49953 83013 45282 829 32644 79233 90453 93378 33779 47407
811 18
94207 7006 87847 13093 66814 43056 33777 60123 32257 58470 87977 36628 18871 84120 50881 19254 11148 68738
2973 17
34945 69762 98433 33853 14497 14362 37616 34494 48717 25017 78862 12163 33642 18578 27393 61101 75883
7296 14
49203 79028 9476 11285 77828 51538 41134 33372 23355 32866 2547 36981 54115 12073
5020 12
72364 56306 61717 28296 24078 84053 23908 97385 71679 34753 70976 11335
4112 17
572 27645 65305 35584 7423 49884 67144 30218 88453 95395 72854 20577 8516 8967 68058 46917 13957
5397 17
53613 46379 25888 53554 78555 3816 98963 53189 54150 71639 27789 5699 77282 94475 90129 15078 73351
296 16
13112 53679 34006 34131 9523 80421 62489 18247 68972 44461 32470 7083 95246 70315 5286 18353
3740 18
77835 63558 58495 96736 46351 16097 27039 89604 66815 58097 54151 40681 68795 37086 28429 70126 74579 70845
9676 13
93929 92518 68280 43234 70745 14601 24519 24654 14940 16635 94138 96170 89472
4742 17
56443 71519 93082 96223 13207 10573 19146 1743 31598 40125 71030 79458 80334 31916 8825 22189 87984
5348 16
2519 30289 22038 37958 21795 16521 30371 60666 44592 63951 6144 42335 75228 92159 70428 9820
7424 17
80275 96478 99679 21074 79582 32507 99761 32975 35913 93336 68365 40705 37115 66877 58581 31399 87547
5219 15
22188 22397 30980 48243 90846 11650 94762 15058 27426 2318 89641 4727 50308 86054 68110
6679 17
65843 32194 80781 31872 78144 67448 27102 29223 65611 82681 47119 35817 83887 72151 36508 25368 55721
4397 17
58227 62566 70596 57816 78149 766 26663 18659 1045 63839 88370 10042 47282 61075 41856 5263 27853
4781 17
94795 22539 31469 58752 2412 82957 91706 94454 33718 79472 81073 18917 59962 59558 51238 73475 51071
6342 18
92024 83420 56610 14438 78035 17891 21926 72245 32670 7859 54197 66637 69395 9810 92418 82294 55491 15146
1668 18
80410 44718 9362 36335 24030 55783 58743 67446 45921 46296 40392 71723 97548 21420 77215 17657 54122 77181
4058 13
46516 84900 55020 29557 53443 46267 56871 62267 7826 17426 7336 50042 27207
4817 13
73641 94199 42036 89661 86077 69823 15645 30252 54216 71596 88560 48229 11129
1516 18
74133 89052 28928 6026 25096 21851 68551 75545 54631 35392 99725 25771 88346 93938 7187 26779 86602 38377
8759 18
16022 62324 82684 36112 8005 500 99128 95389 82995 59325 61957 61649 31443 73987 49661 27489 9231 40249
2923 15
9779 64384 54171 49587 3340 19756 20732 51640 17764 89943 87908 78873 84721 87323 9340
498 13
75135 77897 72849 38688 11241 85390 4651 80075 74383 14276 84687 95302 64733
4631 17
80045 80217 43970 9577 49982 98260 49649 66446 52408 56132 40434 85608 74390 6866 489 12505 63708
6717 18
36096 18367 33661 74352 14982 2492 95454 41992 83653 32544 68371 87993 18904 40088 25539 52310 28162 62589
1737 16
11483 75599 7055 24216 41108 1912 35667 75169 18610 63090 10209 39513 96574 74518 28258 7610
4193 12
82470 16068 8596 51587 29869 52011 58278 97482 99564 34675 49397 24403
1298 17
65581 81228 60703 3430 61009 18622 44073 777 27229 17089 61899 71548 42801 78054 91395 20610 75556
5281 15
85487 29553 10224 60825 86086 53940 33046 92374 22276 85547 14677 30916 5775 99717 3255
2359 15
9508 55889 14067 60259 78319 30503 98686 63497 83803 19053 20678 28632 12451 52615 85810
5789 16
54566 87405 50132 13429 347 78124 30447 69491 15119 16737 31614 89758 61402 34964 5401 97026
2429 18
19201 68148 80317 14201 49180 50104 11679 57579 8951 14625 87863 11092 16390 65499 2292 14546 85520 79520
9097 16
9902 68480 96626 79677 98423 66826 95707 3683 30544 69480 94747 3785 16676 70185 19818 85560
8958 14
35279 63505 37144 60861 406 59386 19992 60567 55120 9150 37090 56082 68824 55618
3022 19
38872 59416 25983 426 90683 3416 6448 14072 61920 88733 30140 79857 9564 78659 12561 6089 73124 18402 1628
9418 18
91655 20980 69177 78381 62226 43477 76325 73199 92734 67217 39933 74813 38012 90469 23166 6337 94844 31984
9508 16
24235 75059 85016 85823 14879 67267 98168 34392 11493 97151 76912 40741 5450 7592 12510 78213
1855 17
62318 68164 60793 73051 15651 59700 73047 98138 41712 95525 29595 99613 9069 34946 97531 58574 42300
8858 15
27458 60132 6962 42378 65065 63679 52613 17356 86450 13232 79921 9267 99019 88898 32555
8283 17
21288 75797 34666 69572 52552 81890 94482 96375 29584 93762 84177 91275 77395 778 93624 75951 13885
9873 18
75357 71994 34943 83456 4663 31850 12600 61023 45056 31740 95099 69032 69151 46637 786 13861 26306 96284
4374 17
77843 86257 46345 83665 14610 8107 35776 7662 23023 84396 36125 32556 91289 21304 65200 5748 76539
3722 13
74617 77650 17420 39803 30831 67561 22645 68679 8250 38383 86539 99809 81754
4924 16
92541 59614 93078 48782 56151 13354 87012 44645 21951 44115 99110 59889 33792 66797 71417 6532
2339 16
84827 69216 65811 86162 55998 93801 48621 82212 88562 13989 73062 98479 16402 31604 63521 676
201 13
36432 22782 41939 71461 45238 55418 16015 71506 97865 43702 59402 37292 10122
5344 15
98424 30122 98052 35267 900 75513 29585 96473 68654 19443 36148 57290 44429 78143 11734
3520 16
17340 84153 15055 15549 93530 6933 54409 58047 64111 77097 8184 15673 42699 98266 51922 82462
3771 15
25515 37818 50067 29084 52795 91814 76040 68262 88728 61793 82940 890 36790 17287 84474
1397 18
17529 14265 45733 50055 83582 56640 1422 62582 13136 29597 11232 73566 80506 18788 92248 95221 66665 36689
7479 16
70357 14401 18725 65444 99231 35496 2043 84395 40981 73378 37020 48569 72613 87337 23657 85975
537 18
81853 27234 39709 25397 98577 14282 26854 30595 85228 86922 51889 76734 91758 17842 15699 2473 98569 81581
6940 16
69993 27468 24199 57710 73925 85883 39870 79244 42102 9446 6553 26739 58983 59466 39164 60078
6763 16
75245 41581 36512 91995 77733 47378 91707 50751 40343 34547 84762 79299 33409 65348 39160 50338
1778 13
8363 18335 44766 98875 51003 37771 18685 68698 57572 7926 71627 14180 97633
2144 11
7776 62673 39234 65933 40437 18220 2623 37470 36485 59023 83373
7120 13
92811 52987 81466 78578 55580 49243 86758 84236 98211 19466 32987 58277 46518
7243 16
30369 27950 76394 57434 83823 91025 50394 11852 60513 77263 43122 36003 42008 92712 41457 50324
5159 14
48536 66428 72289 33771 91427 28051 53252 44456 96577 18426 68138 35207 60365 21122
7256 15
33739 25935 24119 41554 8926 65158 10760 50095 5014 86858 65334 36733 12778 25048 2354
3483 18
90279 42098 11010 87119 51336 82304 72828 94901 909 87024 94004 30642 18848 91934 88637 38455 69536 1098
5966 15
49097 54755 19845 83074 13419 31161 68638 84774 24337 37855 87237 52220 27856 71086 32717
6665 15
94640 35658 78328 60207 88816 50515 21582 31325 96148 67942 14148 49364 20270 15422 90309
5723 16
71578 12861 57518 63477 30312 92131 94210 24408 38371 38632 62640 99295 59787 10708 43470 64924
517 18
41481 46862 90605 74245 54503 30055 79584 60630 47947 81806 21012 45419 73642 54076 57333 3476 49599 74050
5624 15
16523 18406 19209 34798 44821 76098 60144 1647 44704 75480 82425 29703 39624 56038 68793
9239 16
78515 97260 24764 6754 95095 65093 12123 75646 55016 34855 86429 6812 93009 52478 56230 25718
3423 14
76678 33003 62122 39312 39192 82192 48157 27132 88752 58117 26412 25385 75475 84195
5664 18
90558 48407 99451 46966 62042 59453 89379 79939 64089 71750 23238 56387 74449 23990 26666 47216 35355 6082
7956 16
23650 83790 34990 86621 25103 2365 19498 11082 59305 43098 99270 76310 39793 8361 89710 91358
2497 14
65230 17597 10644 80191 81091 30941 41298 89009 2357 95546 66535 33888 86828 11387
7294 16
9222 87816 64804 14773 92094 74403 83381 83796 14520 10973 23108 1412 79261 12787 55349 21556
1224 10
40119 56486 45202 23191 61704 7351 70091 46850 625 70152
2161 13
85231 60933 8541 77726 35535 42313 79403 33316 54735 11177 27813 90603 29731
9517 13
24720 97001 52964 64422 61144 58949 51558 91100 76115 97254 25943 36928 65632
9829 17
56041 83501 86822 88487 64120 77453 20136 75869 3990 21391 97558 32779 67231 11205 47315 51779 70861
5 16
48874 90613 30091 70553 47081 98759 14459 86009 31929 83777 62891 41431 34776 32713 85820 69906
5175 12
34740 886 70139 29872 12890 62499 81030 74994 51604 31419 57263 6659
5697 19
46481 70873 31031 87577 60488 1121 55750 95299 20694 22237 66684 80194 87279 71978 24566 85458 15736 64853 27942
6886 11
18228 31876 27227 34128 73537 58564 5969 63331 98641 9162 96184
5830 18
60649 78489 12702 23539 13259 72476 72903 38494 66515 78890 24291 6634 69900 66499 72095 48468 88894 19095
2868 17
97267 93229 13782 28241 26426 62894 50956 14901 82584 77889 13959 58064 64559 74618 68021 16062 97707
4213 15
94775 84254 24738 77531 94145 28342 79678 26825 30834 66911 9895 46208 47974 29636 16057
2110 12
24868 61289 1347 39568 34012 21009 59501 89707 86964 76856 26358 91268
7645 14
54916 5565 16202 10327 80297 74489 11713 51951 98631 91775 7549 33181 38206 28757
7736 14
90159 29918 56439 99773 94907 51154 69643 7897 77480 63164 85917 32385 13898 17270
4642 17
99962 87856 55836 11046 98470 65693 55167 96297 28643 18398 37582 5820 77400 55036 58561 57000 69737
7338 17
53832 84415 84645 35371 4659 41679 32836 22529 44353 12927 60799 26694 67426 44533 42876 33146 20506
9986 15
48409 4568 27290 7492 13568 11635 92716 18829 59227 3996 67087 53312 70134 48586 85635
3258 14
30095 45434 57657 54329 95274 99284 71469 63097 12543 48024 4559 29180 77319 40100
461 16
39768 37561 36998 43121 42774 47063 88031 33194 79697 47118 8756 47097 50918 19242 50539 83538
7038 14
61179 99644 64379 87874 80352 22970 34793 74706 3068 11272 70019 43484 16268 19777
8043 17
34280 84139 88094 79888 31106 87615 40060 61488 88933 95448 5351 54046 20583 10975 41525 90132 76339
2754 17
98693 4700 71756 52108 65435 63882 64367 86571 60594 64036 51675 69218 81834 65303 35310 70011 47424
7407 16
71967 84012 99915 65910 88573 17054 56070 58136 75113 18397 5091 72956 90246 64217 46170 41471
9447 18
38493 70663 673 76262 410 89681 38320 34612 76725 33653 90735 98621 61857 42871 83518 38150 14339 63821
1002 16
64128 51557 43863 53213 49726 79194 45978 38278 38792 19564 61038 9968 27661 28160 29363 75761
5525 16
28392 73677 985 25763 3297 53555 93457 9905 2694 75965 60775 37553 77308 51593 64360 91800
8177 18
86465 62193 37076 18057 27778 61129 12332 45970 34772 72882 12082 87722 47292 19949 68303 41349 30779 42461
3955 15
87897 21941 21980 96437 13169 6022 48803 88248 62354 77965 63838 9607 38251 20670 48400
6115 17
63877 83165 74708 63246 1292 68866 8724 77082 28690 31377 25374 87223 30659 20120 37543 61183 7852
6084 17
49700 80020 41715 91466 40142 69840 81884 21830 70603 37595 29120 5947 24662 75328 34816 26978 82735
7908 17
44321 44520 30794 34104 76460 49429 25304 34323 59497 44876 50020 27706 60343 90029 28502 51800 97239
4893 12
28005 30989 75560 30105 93129 56984 77511 45773 96674 37160 4774 29853
679 17
8937 76598 98826 5008 10728 38913 39950 5442 1380 85535 63537 38440 56499 66304 28064 42288 93904
5254 16
19128 12758 7143 3033 77475 56441 56823 36272 41281 16734 28576 54325 56542 37471 14429 76406
2655 20
57456 69053 78284 5767 89725 80016 90550 55319 79903 20397 81355 33581 83632 64957 16138 46808 68865 29910 84924 18033
9534 18
69664 94191 812 93040 26956 59041 57504 29539 9067 52139 78748 78828 43216 21698 57427 85611 53740 40101
8033 16
2919 8024 90525 38348 88568 46948 55854 41502 99271 73056 64948 85106 26887 68909 86261 87991
2097 16
71974 13950 4479 36914 56512 59220 12344 99396 58614 70408 55915 30639 19472 72902 35119 84576
9095 14
75822 3621 72812 18313 37934 86290 12473 93109 49484 14246 17192 86613 92928 20395
3788 18
5704 20309 94356 98751 89413 67305 54710 91594 18810 99265 20704 45294 89924 4613 26619 94641 79613 35027
8583 13
83367 22901 21766 37866 97288 54188 28357 94958 7195 38871 49025 86018 32317
9291 18
61965 18754 49163 67203 31620 98661 55315 21108 85620 77294 70367 28135 26874 18872 43178 28222 6043 66701
38 15
42521 61902 734 96167 97654 40183 21768 45134 92416 40728 5620 21305 51190 10335 8915
5760 15
36200 35401 58642 25516 31579 69294 28307 10971 56581 3841 44614 32273 1536 63832 27303
9406 17
5841 90664 38995 99727 50040 21811 37802 61802 21450 61376 61266 71155 99666 34427 4440 96098 99586
9128 14
26264 20291 77778 14032 6199 22056 76510 50738 59735 41170 48531 90595 43449 88368
2941 16
26702 60521 48683 74413 4640 83131 84005 39396 23637 33092 99409 66681 88228 87413 6628 15166
7666 17
57985 59732 69744 10829 71368 43543 72848 62577 23158 64442 4587 74893 67198 35764 12676 6528 7657
5942 14
28518 16285 38755 7265 75667 97150 13868 36810 46122 4449 9609 84071 62284 71138
283 15
97389 53977 20758 89784 37540 66568 17747 17523 97229 48462 80348 2751 69277 42973 41323
3318 12
76786 43084 69979 1598 58059 15194 32281 86023 94732 45513 22250 80271
7618 16
23735 31317 77323 62662 67558 96030 75698 63405 79692 43327 172 35632 43386 34172 98975 97723
3583 16
53798 90911 68581 4863 47975 88876 3620 70855 70646 75039 4142 84632 25809 26736 66245 51240
4383 15
3660 88191 37770 64548 92898 51153 49762 21265 40441 14272 79012 11447 6329 15791 56820
4445 16
43752 62825 56712 43633 86879 77720 60268 59127 73055 42766 32619 96486 73735 63365 88140 14088
5193 15
57071 69331 45002 31968 60938 74255 32326 84756 55715 28848 89721 78377 21798 78706 36532
4589 17
15019 60847 25544 63137 69690 96842 7474 16290 96657 57543 13094 68905 21652 37167 42443 35659 65364
3243 15
90145 88483 86477 95605 87999 91479 36187 85091 23264 85995 22446 30365 20909 81520 22565
4138 15
7028 92204 45568 17444 74424 68663 97831 16048 45495 34073 96595 37046 67693 59332 6958
2017 16
20243 5622 94563 97604 75426 76967 3036 29367 17264 23740 62087 67785 57327 59125 8443 14595
4677 15
60333 43563 44563 5862 72469 96475 28087 89654 13292 21688 71682 53479 86628 12029 98754
6779 15
96152 42236 81514 80698 32041 23458 17379 64219 28854 55496 41851 47812 2282 64426 24773
9574 15
93797 32523 78540 47383 62810 5934 2343 10510 30215 23994 15704 46276 97499 59397 28041
2159 13
95876 5075 42551 11073 73915 5738 37790 3137 26220 99497 4601 47592 20067
2928 14
97630 67282 16309 16159 18109 12157 57257 31414 15036 82132 47749 63149 77931 83392
7302 12
69412 98405 76795 91896 53737 74549 37237 15124 95949 24210 90996 4551
783 16
41389 593 99401 50900 32306 89896 63943 68715 92020 99706 2958 18165 14838 67862 85759 42106
4437 15
80624 51678 39214 93000 87815 21619 40073 9398 43054 59281 47173 58316 13497 3701 30799
9733 13
39173 38374 90923 55543 16989 55530 14939 77857 25678 52738 73503 46377 4715
1048 15
51088 48944 42369 2777 80509 35936 93924 87605 2719 98940 26530 73942 36777 46095 40363
2119 14
95209 45675 12283 84550 27592 88212 23288 40627 4940 76818 93238 34485 10162 59456
1844 15
95886 84941 6335 67733 28593 32769 92028 98585 3226 82730 22883 69508 67700 54363 19179
2131 18
39127 40821 96117 58267 57250 32293 28303 63610 30118 96149 83882 5323 49793 98680 60033 35568 99241 70660
5013 14
12961 83254 39938 74158 74804 8702 99669 94442 1295 83357 64550 94655 33940 96735
2842 14
35329 35245 86651 63993 70850 4957 56372 25473 64561 9960 78882 44434 38625 36178
4147 15
6268 11132 24947 46175 33093 38677 63804 91867 76138 8048 13521 74226 40572 15603 976
1448 14
89811 53233 91418 45379 95566 14370 97191 46160 88725 92889 88507 45990 61385 52876
825 16
96894 9758 72211 62630 44047 35649 16387 19761 20058 49609 69306 83695 78064 32974 37375 72176
871 14
20914 61630 90507 27474 33691 20631 62292 19778 94721 52377 68576 54053 11116 36114
3254 15
67333 7625 31863 73943 31947 37406 9197 91770 36659 34267 73371 39232 2431 57953 83955
9624 17
9714 32801 89915 79526 67997 55523 70804 9731 64194 57375 36330 21005 77579 94716 4868 21810 65292
682 14
6927 88473 47847 32681 57490 93357 90207 68424 75338 67458 3557 84194 97980 44613
3352 12
70537 51576 88278 6699 94067 61459 94089 8964 16546 86334 86456 60306
7871 17
3498 48620 68848 61404 47906 58400 5990 20931 25031 58297 98450 26575 50662 13896 87464 42478 1513
458 15
48823 30142 31129 56783 97306 52949 43977 28797 80536 16259 11323 50016 28423 45076 62355
6029 18
85567 90447 48449 75020 96859 93137 9711 19924 11396 15123 6174 20803 86811 88249 55830 83667 83137 3780
9250 14
64333 91350 85035 44363 81473 22362 56990 26902 40283 47229 50572 401 36413 13243
3937 15
62823 63472 90046 94165 80435 1859 80665 40054 9537 7363 43555 55489 9640 80937 49214
1679 13
51344 28976 19995 68538 25432 90049 6282 57066 96725 77193 89694 72933 20174
7285 12
40018 63576 89313 26738 11089 73564 5389 69891 83724 81492 65547 24772
7107 17
92792 3106 21113 91134 31035 55079 52873 78077 36800 5810 14179 75126 99389 3172 1787 34814 7865
9106 17
44677 66450 97799 11562 1528 62637 16225 38499 33723 7416 15789 44468 88686 86033 37095 55477 62653
6915 11
65488 39955 36036 74797 94434 5398 42644 29988 85197 71522 85422
6418 14
14997 22844 79744 82879 91998 75744 3708 39035 4176 71901 55251 7124 81382 55802
8582 12
95124 31680 60342 49047 36499 73331 41460 90971 78272 56004 91550 36362
4170 16
24690 78045 62164 13380 21707 9654 8546 56800 84045 22287 52006 39584 83717 62841 80354 61321
9302 17
44023 23442 31657 39129 22657 15916 24685 46052 20060 16179 8397 83431 85456 43289 85673 38601 35617
5285 14
2419 88880 33018 41032 66260 64457 26087 669 31780 71759 84286 39323 17578 83059
5990 14
24991 72817 55817 8844 46525 30267 27051 70341 27750 71709 57778 17515 24689 35951
7280 14
80899 6392 93565 38742 1658 5116 55355 35081 2535 88372 35778 5917 4380 86327
9218 10
71906 23172 41448 70639 27311 24201 68963 35538 89612 50339
3817 16
84587 37798 84939 20117 12370 88142 35154 1970 76056 23889 99112 88456 97393 99407 554 99990
5339 17
74857 8649 63380 93773 61805 72427 57668 82022 11166 58639 40789 57166 68007 42866 21895 58878 12125
8818 13
62386 42040 98773 70211 39943 2506 95488 294 27965 86782 18827 36626 40659
945 15
70182 59483 64662 61938 33554 99617 54232 15560 33302 62066 79334 73256 19221 46515 92601
8392 14
69215 80643 41824 29951 42060 20066 99981 6519 96946 32513 95714 96203 2231 36885
8070 14
2615 39913 9028 66976 81476 14443 56742 59182 93400 96632 45026 28071 52774 29981
8174 17
61041 77403 52739 13926 1372 609 96761 70808 86736 17294 21511 28054 25361 89563 70524 16501 31207
248 16
84520 45880 42673 9102 63932 42868 33656 4364 21590 71460 10590 14983 41047 41711 31765 99836
7625 13
39690 98958 47819 32089 57240 18098 74305 99362 523 26625 77960 36828 34218
486 17
97830 62384 70433 92872 57487 16438 74082 1886 92546 21153 32434 30785 80033 28477 78122 77753 31791
7344 14
77416 66432 90169 12714 8712 77088 22816 26817 10626 61206 48724 46076 36586 81481
6965 16
47221 34661 23090 60090 58088 38698 32742 14819 47653 46549 88753 78673 90661 45995 16622 72981
3998 13
30958 50288 19932 94628 4051 57688 71934 88054 97779 64979 89508 91337 53876
896 16
10622 51615 84771 65633 73411 55381 17942 31190 43258 23617 91672 27111 56854 95797 72230 11746
3852 15
77060 83839 58777 48069 187 72242 77869 53683 15380 60599 40172 78232 30191 74830 9965
694 12
58055 95671 57748 50489 56320 42094 55401 49859 62376 44731 76704 2487
5252 12
22191 69887 57648 93958 43213 13382 58442 61595 39537 18168 83512 72222
3307 15
60928 23112 62701 61555 3028 29291 80457 25869 44376 53292 43229 19159 24629 68951 24765
2058 12
32764 85397 9370 20315 36073 80998 19708 37058 96608 89966 65925 51763
3385 13
73737 57929 92347 58902 74943 31050 108 7022 12470 76345 6833 32505 65741
9629 17
76914 33547 63036 87028 69054 51633 13258 29531 18160 50041 56195 88717 60819 1721 30591 37812 8705
1864 13
30623 34568 78112 80808 46864 18625 94551 54703 96511 52248 22717 43957 33943
5076 17
53659 5897 95265 84936 71239 31972 58890 75343 86919 88867 6149 54394 91725 61896 10279 86242 4276
1843 15
76691 55459 79895 54642 20750 43019 92956 36624 45113 60475 62212 52837 87532 37441 28056
1773 14
68833 73845 13988 79356 16687 56875 23778 79246 13491 70494 83220 93441 33405 61380
5282 15
80965 89398 29560 96763 10608 1157 24977 17716 32451 53797 38026 8636 39097 88941 26361
7442 12
43972 88066 83475 51910 88608 2411 75666 95694 18588 31144 60742 84007
8659 11
36054 50421 50837 71598 79943 57540 74354 16263 46930 33893 70857
9350 16
52026 21805 86116 73452 12312 85579 35891 73293 53856 97322 71105 71689 43367 6068 13875 74829
3859 15
13583 30049 53180 84076 67860 90034 40901 67990 61686 22248 50188 51337 24656 76163 17275
4810 16
53927 38517 22933 10910 50133 74749 72468 6652 26100 4283 97418 63219 6539 7430 97043 98001
1189 15
18505 83259 92432 97821 79407 87032 76647 24042 15220 4207 96492 42713 95218 18054 822
4669 17
53493 80104 50155 33474 20140 51957 97651 38851 97200 92949 7570 70364 32340 46370 10928 47499 16777
3725 16
34481 46234 80533 35324 56424 41252 65302 2746 96589 36373 32565 17487 85083 7157 74399 54085
6380 14
96388 80460 22929 80653 55784 80477 62129 43186 64808 94526 87093 39333 20074 90161
6063 19
54575 67622 67848 78200 9552 95598 41516 96428 79788 1266 85987 48962 36058 66962 28199 5828 91877 9218 50947
997 14
24588 66675 7654 16160 19900 83437 21592 588 54125 17065 76033 4179 67812 56307
8618 12
15525 26628 17819 92996 13828 98333 59270 55352 21205 80547 84943 43686
9392 12
41583 92031 60152 14097 93839 50804 15826 4218 94867 61886 35946 38506
2415 14
17257 74055 95638 94287 27490 83554 4557 80257 17962 42484 53402 36089 45738 86608
3921 16
46074 76490 43430 60181 45079 1420 43480 61771 15053 14659 63852 89556 89729 54401 86890 74507
548 14
4373 84013 52961 54149 47559 71669 87751 95358 32263 30740 74869 28077 87470 53466
969 12
11375 16352 94144 29407 6800 51351 77890 64681 24281 90538 7644 4938
1603 15
45451 3401 67702 65493 69034 29990 25215 70693 29603 62512 22941 91212 64885 87388 64443
3025 15
89152 795 16177 23992 75910 39219 10714 13068 78581 12837 25569 2813 33754 62511 14804
4986 13
52927 66917 22541 36753 44980 25224 40099 6363 99737 20097 40128 63605 82988
1900 15
2202 63098 78736 84127 79683 85919 39581 74098 44343 23406 16673 50534 37072 5857 8321
4963 16
28048 34875 28802 32355 21883 62023 61153 13355 21360 67334 36289 99191 39937 44372 31380 42460
5227 11
47732 7672 83714 81167 46717 62742 40790 93187 33407 74622 25082
5981 13
40538 13890 8497 35899 60168 13581 66557 13949 31851 74969 59199 52751 99955
9423 13
36085 22882 45286 49658 90895 87100 54992 5340 29518 73513 36838 23440 12736
1331 12
69820 69818 38127 25333 72124 53581 3541 86946 81015 31281 41770 59974
7827 15
17799 99920 96711 10263 60037 61070 83929 17720 93251 19289 84059 71907 99721 21813 92849
9726 15
94382 6513 34124 42702 97996 12833 47767 90017 887 81474 97216 50 54185 14611 39494
3871 13
93037 83757 34264 38562 67022 52692 98821 67314 93465 6198 86380 2283 29774
4506 14
46480 38358 68459 32001 63107 98349 69560 48250 39993 93152 7121 5368 88297 9268
5833 18
36749 92834 32656 79243 18789 20500 87141 95441 474 7966 6727 88336 56234 78707 59226 31143 36829 35847
7630 14
2334 70287 37838 23548 58172 82939 86198 64382 60555 92006 1471 79061 47513 7311
973 15
91042 56535 18062 83999 67173 94639 50798 61097 92793 46139 6862 60779 92156 34780 64268
3708 17
42834 52573 91748 83868 41962 26006 9115 79985 62570 80897 70739 68448 20149 90844 70782 34595 58657
8498 16
89481 33538 18654 7751 98220 83751 86227 85312 28382 99269 17285 63905 2842 18466 81832 97899
8572 15
12537 5616 22464 61981 96767 93536 11908 88489 82427 99978 29877 64529 54514 53430 83108
314 15
63165 1523 93867 44995 50012 59963 60167 22302 10109 84531 64337 88138 70539 92456 64334
7493 16
26660 83598 79072 99864 87541 90060 85267 52915 85796 93534 48977 50461 2100 78279 90439 7072
8969 16
69672 4302 46138 81901 77044 66073 17998 32241 81980 28677 35926 88480 11054 25072 75262 92425
8148 15
77328 798 80619 65106 38314 94396 74372 8749 7387 13337 78940 92203 90519 14128 33056
9506 15
61131 91177 53947 13325 54080 28035 82657 2253 55571 95401 64272 48747 33125 52150 24168
6396 12
71240 14995 28919 80236 68119 14039 10810 49992 16288 67310 53076 72098
4750 17
54443 58125 83605 96351 27589 65542 37091 59189 38488 12153 20032 37214 68822 89323 5762 88763 71773
6760 17
58782 18940 39307 55649 84077 77028 92406 62767 98616 85057 950 1126 76560 44692 65570 55458 52244
7729 16
24647 28235 43920 4197 6685 15638 25440 16001 86053 5343 54159 31033 72099 89627 15641 74182
7069 18
27194 44616 37184 81575 4897 52947 93345 85412 81860 21644 26031 16123 50545 81377 35160 16197 89369 46676
2250 13
38008 10297 87671 68845 46943 19243 52198 54812 3417 3737 95542 84817 70257
9610 14
26024 15889 72458 73708 51124 99410 59639 7226 82028 46899 81281 94445 8256 61799
3008 12
31683 8538 11958 30813 24130 30115 34054 96931 84471 22516 75415 99357
9153 13
89006 81046 18060 30877 22242 34572 12224 2358 33731 16077 90720 15634 91461
2885 17
37712 5495 12986 85916 70927 43345 28873 68301 36342 72549 68465 16282 94554 69592 44827 38549 75664
1161 10
41509 24904 17614 57095 31630 50715 83258 35684 47289 6615
6899 11
95073 51050 10095 83721 85338 7382 66671 56318 85529 36977 66595
1615 13
72081 8743 48943 41562 16979 2573 98400 2039 79922 81152 79395 50652 83953
3737 13
43158 47737 85327 21489 88312 12565 21407 43515 34756 68991 84845 12217 59149
5811 15
85320 35642 45346 50897 25826 17872 73954 99537 13126 74209 1668 30850 72936 97719 72787
2181 12
88255 32199 52521 79324 473 59218 40055 26882 41475 37824 66690 45781
3954 16
19488 82309 60846 65040 65492 41916 73802 89107 72792 29964 5135 26948 53931 90743 73483 41484
3623 13
51326 56935 10805 2417 54320 53344 75668 18974 13622 50416 89642 23510 74106
1504 18
89495 53279 27272 73289 60114 6788 33029 55493 5201 87612 81801 36228 76629 10783 25159 95023 12996 39026
3418 15
19757 8222 92780 21134 78891 98243 4314 39322 12207 65342 67750 37794 96870 28143 48325
2865 14
15962 42951 37273 23953 59338 22468 59061 25546 39714 96130 38450 72684 49230 78982
5931 14
49252 96836 99511 9728 40080 44063 27522 96216 25042 49678 65322 45909 33896 17093
6209 15
98836 4248 56753 83615 42256 55237 94080 65669 31357 73196 23915 4664 50002 60849 53650
1341 15
80065 41176 31616 24766 66562 61228 16372 94980 93236 469 77322 30802 62345 81938 15484
3415 13
55114 76940 10811 51104 11174 9039 67042 61919 5836 68213 68404 57367 56476
2901 15
21422 6452 19814 20707 55482 32616 94766 67673 12040 88634 58807 13741 85111 71126 55760
7177 12
92866 37924 5660 3402 79707 28825 2230 7818 98723 41812 41307 91994
6992 12
36392 11808 41507 76198 78207 57291 19916 93173 65452 19422 22059 38949
8419 13
74516 91336 25113 33156 11972 32676 25460 33623 19745 55440 98984 74227 81425
700 15
46696 63109 42168 36847 93756 63296 54636 7868 37842 60993 39180 9865 67210 66592 24597
8330 16
75340 35579 80067 19806 17885 30160 63306 55804 35551 48779 27438 58250 45963 59117 91846 86200
1387 13
7146 83555 24782 69901 47755 82649 1764 87865 47004 69293 1750 33690 11485
1813 15
15149 72561 86728 94960 8506 31624 41353 71192 92945 32864 86714 21712 58637 55178 97048
5167 12
34460 91696 36994 72007 38237 93921 73438 62964 19003 81952 93693 53574
6900 13
70957 61143 95188 26881 40778 31425 33507 30226 17678 49873 65779 56122 84837
5555 13
26780 5128 48511 40617 72557 77368 44824 52666 43089 53231 21604 3773 88406
7700 14
79847 37349 57094 31134 8017 35445 53053 94219 37318 41648 62642 92346 80107 45602
9124 17
32653 44053 62522 92274 15298 21421 43429 94572 12780 12191 92903 40886 79060 15162 60377 72526 17411
237 12
48154 91842 88352 73477 67478 86725 31849 80910 82791 12804 95786 62161
8824 12
22004 66680 95888 65461 49785 86449 56839 87239 35200 42049 4865 20000
83 14
28287 31628 96069 41578 72666 13463 65409 68141 43912 83179 85294 80483 17989 20825
6179 13
28605 30428 21339 9572 86007 3457 45439 23087 24006 52398 63008 70967 9863
3290 16
23482 82662 90740 18661 76 33484 84907 81172 43961 93512 10959 14447 28385 91742 3676 79759
4351 15
19361 62473 29015 12710 91438 46872 11978 63437 74284 79471 16849 38794 69918 46112 55224
8989 19
6476 38628 85112 4882 50402 77555 82394 9571 51990 88693 67915 7459 81799 43675 36103 90827 36422 79068 71547
4144 12
62863 53109 28661 75399 25841 82676 24065 68020 45036 39404 39049 37344
8262 16
14172 60403 34545 38939 48070 11053 74958 30397 4437 78104 98408 48142 77806 54072 95669 13390
5804 15
94485 99751 90819 51893 91571 4467 68128 8105 22763 48473 62136 8102 62289 30618 34521
2939 17
83578 71221 34818 60020 48044 49061 44832 86735 94255 58811 21792 20079 38351 45175 11719 82135 43139
5016 16
20560 18744 22775 23219 88305 14204 94353 84141 99707 29307 65166 11671 84538 26797 71818 50570
9562 10
90086 17388 24074 78801 6065 43028 73374 54582 66324 82933
3550 14
36462 62814 67059 38174 48062 60417 59389 30761 44797 74796 25997 9428 61815 77749
2991 17
38343 80187 71546 82300 90602 69656 35481 465 85266 37044 60312 11897 37961 44075 3424 5604 11800
8912 17
5735 53735 31202 11771 61440 51355 23631 24608 57032 74752 48048 37555 69852 33840 67082 76800 51469
3941 14
35672 22286 84220 45541 85941 41397 67271 16478 82345 28017 11777 80541 81858 68285
7010 12
3374 50049 76342 73618 32844 84419 76992 6527 88013 33506 7866 9494
1028 10
48004 46773 88525 98360 77170 4225 92049 44539 60552 6622
9108 14
67184 69876 97664 3767 2947 44442 42463 87785 10878 5784 14044 85237 45545 21047
3684 12
36274 81144 73767 64184 52341 13979 50494 66179 38487 15994 75138 65974
5765 12
68457 4691 88576 21176 65957 54227 37791 66855 89199 15756 6430 86956
1752 17
34219 14251 226 97137 83265 63175 30714 50923 66285 6294 88425 14089 78980 40002 3907 56345 70743
3997 15
17696 58924 95705 19091 61833 51323 59100 91338 77846 52007 96706 5721 80548 6561 27923
9092 13
27133 70866 56179 39395 52279 14736 59636 33002 43902 83350 61446 50047 14305
5100 15
70299 3203 75251 90513 32501 81289 3095 8513 96189 63229 57302 46790 65914 736 88881
1543 13
25996 496 24628 4455 80319 3414 86630 99264 12232 81675 37255 52022 98801
3564 15
77305 1094 59508 5687 85539 22124 50257 92079 62024 73121 83454 90183 82267 61102 45590
4709 15
47659 2950 48454 95146 2618 5092 99015 23260 21958 22896 56521 83375 32335 17018 99818
9671 11
32937 76265 18246 12328 55891 78821 68750 77785 92380 27758 90304
596 15
92762 4486 72410 5803 19381 29978 93847 90416 46476 34563 21094 78750 45189 73424 62933
1104 14
55890 58287 47255 41195 17348 94172 3806 3022 71384 92947 77783 91881 62150 69450
9367 15
49908 90301 10106 32324 43507 82428 36361 49525 23025 31744 69960 94991 55924 65640 19891
337 13
42781 44595 21105 60311 90248 2378 60537 92183 22544 12478 36601 92029 54872
5374 15
33074 40168 84393 28992 50546 61236 86331 3151 82644 73312 10324 91279 75704 68019 91574
5585 17
52702 21281 96805 22256 21611 3807 88662 74742 19380 32575 7655 48826 8062 47944 72826 7109 82005
762 12
13525 48726 49549 28259 51630 11959 90196 29384 25196 69031 93057 28869
3981 13
34633 47001 29189 15513 11556 21890 16378 53195 24824 8408 29157 4900 28564
6984 14
62488 80484 36779 96671 38064 4356 21336 44630 3119 71430 11186 17785 40224 15373
7977 16
73858 1113 98237 63465 9618 95919 22995 52968 60431 58806 81155 13108 16514 18676 85101 57517
787 15
93804 28454 97031 28770 56648 68117 26830 58404 22951 18196 14260 39007 65673 28862 44816
2268 16
16134 82754 16826 53492 46685 17071 99746 45035 35862 78188 49584 86866 7877 46809 37530 18519
3267 15
31347 19951 74437 21116 39327 74502 6432 54747 30344 37906 61801 32751 16456 31974 91120
8862 14
64911 61951 40222 51933 80888 95974 13733 95484 21263 10058 4895 32601 92624 48111
3932 14
35609 76902 56522 59960 50601 80363 64017 70752 82149 49927 29211 2929 77422 40438
7914 12
57089 74671 81934 97637 1456 96940 44292 49133 46977 74167 59744 21151
2293 13
98604 92725 56425 8227 61028 34447 73439 89524 45466 9744 66863 61567 88376
4859 12
72169 59151 16224 16957 41671 27090 18766 71993 86388 97398 3792 33989
5023 16
57179 42712 75447 66078 8667 85676 13803 72850 31201 82184 73933 50887 5825 90649 87136 44869
7007 16
98729 80330 65628 37396 81941 97215 51572 11291 28196 48876 60591 4710 1617 52012 13798 45220
6349 16
92433 96766 26165 26396 82010 96477 26540 26147 78121 21212 63767 4120 84043 93970 34113 17469
7791 16
23942 54133 35109 83007 41427 87331 49959 81321 87958 48237 26638 84014 32187 91641 81874 93181
1686 16
75853 43095 71881 81903 79064 27587 8722 82258 85775 84104 29562 51828 15568 44011 98186 6033
3961 15
56275 76039 23102 16499 76044 63866 11497 737 91102 22304 30526 22892 93394 2633 99374
2440 11
36019 17250 95621 29022 52280 48961 273 51054 38466 44569 95859
2257 10
37279 8041 97877 53545 49709 35380 24086 83071 26567 44184
9429 15
43984 21221 13900 66779 90446 43772 7413 88304 45939 78376 59323 88954 73726 56724 70552
310 13
56999 58340 2192 17185 14930 83307 27463 9345 99948 18449 22665 75665 53010
5143 11
53407 25487 62203 69451 36913 10096 69602 26250 84398 59519 5084
8254 15
71939 13658 18461 67518 12813 21884 88947 59811 42451 99576 82031 81783 10821 494 31572
906 11
60103 51287 44052 11604 24241 36627 87150 2770 75208 73612 46263
2778 15
53630 5212 64301 10732 12271 6688 13424 95289 7237 11107 75312 5981 61039 95839 66600
8917 12
32911 3456 42526 38007 18745 65614 10177 40941 22365 60134 39083 6604
5532 13
77124 9624 58431 36759 45150 20449 84803 81458 4594 70554 56444 8841 99553
2882 10
16292 6626 34082 78934 24478 34255 48828 54090 130 65860
3347 13
67037 18047 27081 63909 73956 39798 79488 86885 58386 73455 63417 56624 24924
5968 11
34276 45326 15547 53808 17157 25980 92878 19106 52656 72515 24225
3331 12
69768 65361 96228 47058 33693 10894 37966 22790 34050 13829 87848 54908
1973 14
28670 94800 27527 50348 37676 96683 14394 94537 65802 24433 68673 65534 5102 55929
7056 14
82737 50333 87270 31978 35195 59871 13906 26790 34265 98579 34090 44962 21399 11513
6517 12
94997 68098 54157 30237 48405 15326 21435 96553 56846 99325 82125 47637
6953 15
4460 44169 71259 40597 2391 45821 54548 6931 67642 46259 29728 66523 84887 52169 46501
7045 12
67035 70445 17983 43027 15855 53886 46945 40769 30104 48410 20267 64734
436 16
41981 73634 30423 15140 94503 96497 6930 20540 86715 11589 65951 48725 58907 78386 57743 6619
9312 15
88158 34322 5353 76324 96352 59080 77836 93431 41740 95765 17594 88418 70382 21840 20782
620 15
33339 31142 90128 75530 52399 53525 11351 51771 30153 76139 63067 10717 27378 51858 17004
5890 13
45170 21303 87132 51014 54564 2906 38068 86418 6903 59698 74252 21789 60359
6241 16
36531 25240 54471 21600 74814 40351 66575 48146 12416 61451 13562 66639 98014 31889 86442 88617
8482 16
96977 78597 73754 35307 57165 81431 79819 37324 61594 84574 47033 48488 80066 56376 15793 16809
1830 14
36419 23345 67032 5094 11193 19379 99555 87850 49157 84167 35453 11233 36071 26905
6602 18
23964 66197 71718 24465 87723 83015 5244 21751 65253 24284 80221 69991 93392 33369 64012 86127 52271 63803
336 12
33376 95097 68306 69547 35413 708 45101 4456 4018 20031 78480 72530
8098 12
20487 52912 86941 35499 83543 6241 32178 78523 48510 45918 7982 98316
4236 18
18928 71976 48622 59741 5946 57619 87071 93326 87281 8116 8349 53937 19151 64831 18658 96879 82187 56437
9548 12
5328 33079 12593 79741 42365 49282 76966 2920 87321 90100 50610 65341
3246 14
85337 56250 92785 65762 60922 65952 17430 89760 16692 78963 47320 57524 76156 64095
699 18
23773 32827 7888 92304 82912 94146 54313 28292 89322 74873 49052 67302 2040 21691 48721 57289 34845 56321
5427 13
25335 48764 78939 92912 33340 16191 60495 95337 75811 37203 70834 13678 96387
8488 15
51405 38326 69767 45522 84875 91683 52721 3389 12973 57569 12162 74067 73183 60544 7698
465 16
32334 36875 11588 22169 666 54490 30843 39961 82793 1139 5493 43640 48125 57715 31246 43614
2770 11
70380 82834 38940 90269 71010 59207 29312 39826 65761 31747 79297
1086 10
45867 60512 16383 76487 47250 92886 67639 42472 33845 35102
9265 9
33298 24823 53397 91487 68331 82736 67953 48707 58858
2317 13
20878 87402 65696 82056 38890 66434 10806 70890 41224 32673 15438 60074 61382
4919 12
6006 89104 98753 60469 76319 74860 92830 19554 30015 97559 24316 82160
8261 12
69785 52714 4281 1120 14258 4423 91973 78430 93877 13211 36050 52458
5607 14
87884 40859 1577 47916 59715 1237 35592 99744 66512 1411 49891 2953 25977 86135
6116 14
394 86820 89575 72477 80840 95717 65759 6227 88451 68753 43697 11821 45011 33342
6314 17
93868 85291 94703 6555 90467 11219 75 89015 59288 51302 80367 54430 55216 83103 24415 28450 62765
9507 13
47750 61625 22639 76685 37861 43700 82357 50520 84733 38469 107 28393 46675
6957 13
72670 69907 32686 23121 89883 94880 8280 35443 97950 4446 93239 16211 51669
8722 12
60231 64086 75693 47704 81145 75610 17443 72556 87862 44165 88070 24663
3211 15
23753 51082 33432 45273 60062 80958 42423 2888 61302 17693 71341 21718 8863 93215 87303
7770 15
24312 86072 26233 79058 91932 45775 8627 36542 81669 18641 99518 47936 85119 67958 88979
5561 15
78902 86943 22333 56036 45745 16694 95691 22956 46088 19769 60024 62957 77839 88233 66602
3560 13
79096 905 7808 72829 43330 33925 89405 69289 57584 9078 32669 50046 34503
6239 15
81944 59596 26885 57560 635 27871 94511 16312 31844 72953 50310 79224 40704 45378 10636
2652 13
63502 9734 65446 65701 15734 46407 89908 63606 81516 91425 44178 76209 22805
8628 11
10086 58598 90841 31738 19720 47784 78777 44180 70325 25297 63623
1283 15
78912 89194 65797 99157 21454 30634 38825 18667 43971 61184 34956 96458 87663 50561 9751
7962 14
3570 65577 25422 10378 26538 31087 41969 84798 61830 31423 32658 73718 23048 33094
3174 11
97211 23790 40849 55243 19332 15100 76063 46174 51774 99106 72204
9081 14
8893 82682 3001 1161 31591 86117 34619 93266 71966 55774 27930 51304 36605 37630
9934 11
40644 85896 76048 33290 31611 48939 61475 13865 12599 50954 74498
3877 13
56436 96445 78695 10917 99715 99109 63049 51413 73025 49300 93138 71269 15317
637 15
31175 33750 57881 63248 53337 69260 40066 86656 55018 36630 85689 27172 81280 47643 76965
5267 13
49017 75161 92067 83759 29287 71531 33916 16034 41858 63954 96472 73352 73395
3729 9
2650 91787 95081 15581 83971 25485 92769 62809 52186
7258 15
13832 49014 66786 79746 58199 73383 53365 66192 83588 79404 9938 80630 33015 60285 51793
4501 11
42837 61439 94574 86580 13883 41123 29999 34800 33119 80404 86466
7179 16
58721 36250 2258 46987 41750 35544 38619 22200 37668 45570 53577 47013 95940 22705 59713 41291
6972 13
80801 13346 69506 71093 85067 83738 10341 87157 33784 88995 52281 96133 66092
2703 14
76451 33571 75411 35143 56131 35603 50817 97736 22680 96945 70683 35062 59556 68548
1886 14
23337 32430 90527 69917 34381 99025 18501 24943 27423 56011 77196 19375 76267 16148
6943 15
49115 93860 36878 36752 70865 83825 88313 4122 78093 70081 58484 95103 3946 88115 56484
5926 14
35943 78192 69838 40395 86784 52752 97132 71833 33209 87561 66234 34786 18542 59526
1288 15
23362 34637 6248 48631 17535 58451 45021 44331 76667 68253 96875 72681 31277 73343 65587
4606 10
44605 93551 45877 24020 57936 40242 93740 20684 78370 59143
8876 12
39515 14071 9214 68047 58226 22307 22853 42385 64164 18218 22160 17359
8616 11
70430 97818 38923 96194 82814 71062 75987 78358 68422 65752 38917
9255 12
80757 17705 54473 14871 40739 1875 29485 19731 33025 69499 87929 10121
9168 12
78390 22703 34540 96405 28484 26275 5391 52598 5688 81278 643 18334
908 14
10315 6822 40632 4979 70282 18170 20747 53434 95210 91148 69632 30744 95934 58626
2470 10
41551 1465 55965 63724 17111 84926 1537 90674 41697 39710
7327 13
97546 91198 10089 2444 66385 62968 5377 72011 85856 7209 89861 69788 23059
2776 13
29441 93717 21246 78989 59690 6571 12399 12978 50711 20680 39135 18378 45737
5357 16
30926 28226 86311 61566 49688 23666 61616 69433 2897 29070 41159 14299 88026 41964 15395 86499
7496 13
31034 28470 89302 65539 42372 18581 83511 42525 11057 1708 41918 19343 32602
426 11
48728 5242 69733 49744 6427 63707 89569 34598 47318 98210 44266
7967 15
87274 30594 96830 20191 59764 76043 71696 70732 85309 40555 81258 82680 3249 58473 48520
1922 13
28272 66594 78341 46302 47480 33006 83563 13471 10999 65637 26616 61330 12422
3342 11
72979 65979 39507 52081 84123 4931 49654 44990 9122 9498 96178
9028 12
33839 1506 90292 70946 18377 69008 27682 83450 51723 71195 9170 151
6441 12
30909 78139 89384 2647 32392 48752 68267 9868 85948 74361 34475 25434
2100 15
35894 83379 59515 79502 53743 8045 35427 46250 81719 5865 23256 97726 54967 94917 61905
2098 15
81133 48008 11875 66021 17562 26209 26588 96341 44220 90714 52591 85743 54257 67487 1994
4633 14
16590 73972 38658 20706 26653 1542 27747 16914 5107 48799 55488 15868 51555 542
2331 9
99421 67429 47495 77431 7728 99841 78051 35191 79548
339 15
55575 72357 17915 46187 37593 86688 13498 52082 34201 36061 42160 69372 88088 79228 77635
6885 12
27088 17732 85859 63259 5015 6488 82690 55405 57256 37539 6480 66579
757 13
89299 80165 70386 84610 80031 30516 85117 6899 3877 66258 81960 46077 46677
3707 13
94335 59239 77984 32128 26731 36584 10101 816 15299 22587 69122 38976 57803
220 13
80199 58268 69313 42679 16920 51537 813 17440 92984 90127 48577 79410 27476
3774 16
18594 16820 87531 62564 64308 28910 50395 12810 35652 31987 64044 78004 74135 39444 74696 45267
2722 13
30535 63545 91360 58239 98911 75712 85352 91586 72772 2495 75932 68648 63596
2844 15
80140 68704 60242 42675 25923 36905 54250 71923 7206 17128 26121 45857 24330 37364 56319
5888 11
99563 94808 98551 60794 79815 82769 37781 86405 363 70538 9853
5097 15
99934 78906 44628 77137 61972 71511 79915 1141 93115 96530 22486 60295 20396 95489 68596
3437 9
33324 34182 77581 68876 28689 60974 40649 27826 95139
350 10
63551 16689 4757 28363 2565 43238 77936 8204 39345 34408
4160 11
82157 57938 55481 97538 45332 97979 49384 87595 2923 33134 52496
8869 11
50700 62772 27848 25250 9550 52124 53509 38328 82758 13964 36087
1481 15
74501 57324 89739 6691 74128 42698 23414 3516 69948 33411 18457 95592 80569 18694 39013
5161 14
28302 38816 69246 13469 99787 98232 31827 51254 99526 89679 95107 25079 99372 84617
3124 14
99244 31431 99456 1683 57835 79809 42065 11593 4303 89360 88888 45851 24803 7441
6076 14
18577 66935 8076 73316 90393 50101 10124 20059 19881 98737 88709 20161 16963 31939
2824 11
55254 97295 55607 72587 97960 46614 14508 10632 59793 87607 91273
1164 12
99830 97734 12671 8251 20004 42917 29232 99321 72200 73021 62806 13120
1736 13
76014 14500 64976 25645 69424 38986 28835 3596 34738 98996 63766 87013 79834
2276 12
16594 49600 40974 39529 60061 28198 83080 75298 80809 59168 43859 22235
7942 11
38346 18351 8695 34307 47228 88800 16439 10428 4209 32854 42341
5818 15
55359 1281 66216 84011 40475 91785 34960 32589 35342 70993 6644 14283 10087 51908 72617
7734 17
95387 92277 95683 76638 73853 42257 25989 59922 16254 23806 12479 47672 90738 41152 70372 96541 10068
4009 15
68550 23720 11151 46566 470 12842 50902 48518 10299 19945 22849 6223 12036 88274 27711
7191 13
5609 45325 33140 35312 19977 60405 86154 39828 84098 12118 20961 55622 97099
8994 14
24228 25477 54387 55827 25990 78208 60507 99991 4961 11944 53658 47703 80312 47017
470 17
34110 50532 75916 83487 71140 7128 85789 84614 84978 34263 30681 84652 60568 54586 72655 65050 72346
5736 12
34072 6524 95208 6920 99003 90598 5729 22150 55280 32846 47874 66362
9368 14
67656 25003 52306 6710 31484 84092 198 52200 96881 65338 50940 73662 1751 26343
383 12
4838 94186 69734 91316 32051 92070 54707 23838 928 82241 67988 4887
6931 14
57961 90877 87390 4312 68001 48385 85003 42516 18835 60052 65683 93763 73187 23377
5480 15
43927 54781 78536 69440 48773 55859 25249 19780 40792 55509 58589 77432 66940 13266 70508
7801 12
92511 74929 34242 64579 53143 52343 42360 9805 64401 67131 5417 46320
4735 10
48100 43634 2503 20641 99949 81961 15065 76782 85302 99664
7954 11
19268 66778 44258 38185 88317 154 1340 82077 10657 96374 91676
4037 12
14868 10238 57868 36940 47427 81436 84441 54646 37484 15345 90516 79528
9959 14
4214 58183 7285 44815 52749 26480 38560 9752 77174 14715 96191 6915 20609 98864
3792 11
75482 9826 52065 47166 8578 92435 66718 98249 1767 52854 1063
7217 14
73827 39816 63234 52813 26071 6572 96348 10306 43719 81395 90888 30053 29793 50363
1760 9
5901 39132 49620 14830 22422 40929 58487 46805 28953
4068 13
72005 57186 46190 73470 64187 19220 53021 24237 75385 93308 25918 48269 79609
5642 12
93260 94043 35781 48781 72079 8433 14285 49797 12160 61093 79255 66818
7096 11
14081 51471 3912 7263 56709 98137 59961 70558 21657 37822 11788
4661 12
72713 21867 81257 81821 13396 84872 42756 10589 97597 429 3276 51616
918 12
26806 50606 76152 48558 86026 3345 26656 12247 92080 51025 50540 67123
4676 12
11921 19836 52453 48092 44846 90023 32880 59718 12589 58308 52489 51827
9311 14
62172 17635 36387 79237 94015 48485 82155 25705 45783 46668 46727 99333 3342 58110
3987 13
74591 1696 9082 95453 67400 22648 83090 10272 86824 75163 84063 43217 70107
3128 14
25896 81527 67020 40186 96054 45531 36617 45471 50377 60198 67480 66658 88021 20388
1361 17
2574 24193 8013 66725 49862 245 23315 37985 93481 98455 82665 67742 36891 65315 13303 77140 36320
3245 12
16918 34803 16529 13640 17762 25424 44312 92454 53768 23154 38197 12848
3399 15
28034 35814 10465 74295 82928 40973 64165 36676 37944 48438 35323 19469 22569 61191 76703
9643 13
89827 20495 46820 80901 63647 77608 9887 10389 7922 74217 38126 52650 41542
7881 11
30489 8436 94115 69356 47235 30549 40758 27882 50018 95013 29647
3637 12
84024 84656 84154 47957 51291 17408 99429 71024 27755 82504 91186 68597
5340 11
32426 13309 24410 11811 79681 77868 44919 36370 39074 20765 82085
1927 12
40567 86437 73243 91736 23729 3347 37925 57500 77772 33481 45031 27236
4278 14
1017 60842 89993 71948 25418 25988 86558 71572 67135 84134 4872 20348 54399 95136
733 14
79180 92724 92955 49094 67770 65928 10133 76251 80266 83833 95415 66261 27665 5837
6743 13
44681 32687 7377 86606 30014 63411 54489 5617 28607 7930 49522 54070 37829
2900 11
63775 64218 51805 71673 15207 47321 5624 8159 314 21725 42158
4041 15
36209 61332 7519 42016 39959 18840 8987 94230 1697 60264 29633 30664 48152 5935 58815
2890 10
60955 55383 53382 58072 64427 8520 58129 58257 87869 59460
9169 10
11520 11370 94001 84264 73787 57665 25298 20169 78627 26658
2942 12
98932 81564 73004 90045 19722 39100 23015 25245 86813 6497 62440 54930
7822 11
74828 20701 66124 77976 550 51399 70296 15773 45966 75535 86967
630 12
99705 81689 13442 74942 96602 22262 23529 19257 98988 11154 12850 25126
2111 13
29311 8110 26952 60105 43759 41618 6653 47961 10258 38453 6578 5996 88323
1634 12
75776 5282 2981 36241 69902 18305 15323 87092 24468 774 57740 42058
8543 11
418 8552 26499 76542 22740 40890 8755 13968 48140 8409 71101
2585 13
6786 34582 11139 67056 1673 6193 17454 33351 13156 66719 26261 2636 98609
4038 12
75852 55901 46822 42184 52765 49080 8676 28298 46611 42005 53368 95365
4149 14
70515 27816 21724 7599 91343 52101 38224 87792 1008 66456 76588 57497 69457 85027
4766 11
52953 53045 60239 17846 69725 10654 17282 81859 85998 71815 3503
5668 11
51313 78751 96666 16157 50980 66577 60769 37264 64684 6203 41952
8563 14
75952 57728 49851 94874 55323 52295 43239 67599 94453 34045 63806 48599 75383 74839
7653 12
15142 74535 46959 67146 96204 72998 87106 72832 75607 7168 74280 81156
7159 14
78410 34573 84649 1623 72887 39578 7829 53138 79578 18427 99647 66644 4463 84160
8890 13
63102 6725 5858 26620 15643 98464 79810 42631 29939 14151 30752 3650 96640
8149 10
16863 79950 87508 71560 59349 39297 11281 46288 42728 88199
9002 16
62316 12124 52024 13716 74681 58943 39863 99659 57226 2591 14234 49905 77985 42901 16782 34020
107 12
79550 48205 13672 92509 52031 18315 11429 33607 2626 50847 61850 11806
2214 13
71149 6515 64376 37980 69006 21223 59437 45646 88742 94368 69665 75024 51556
6485 14
76283 21521 11795 11652 97158 49367 26082 99457 32274 85135 67793 86061 81129 67371
7737 13
32276 83212 95552 91654 76706 46327 17918 77702 12538 99172 73796 62385 13038
6023 10
92097 27053 7563 94561 82460 33275 99298 60407 64872 90994
8519 14
82029 3815 5406 76034 15364 72958 32655 21247 28883 35301 42595 90641 69270 85292
3919 10
90734 1184 40245 66590 94347 4461 89941 15819 56056 69802
8577 13
98163 65165 16350 44684 96314 49179 49567 45768 66657 53749 43763 41585 48014
8095 13
90214 90909 56953 66163 55875 17722 28981 47435 13218 16669 80424 92161 73611
7966 16
56677 75659 9878 78202 64564 24211 16955 42956 23469 94502 79914 26860 61359 81350 7252 53645
3407 16
13860 10902 62572 69065 1747 83592 15630 49376 32395 56627 60096 85147 98202 52696 79535 48469
