392
2631 20
28844 95646 53154 27196 41551 48846 91910 65968 46628 98470 51443 72913 92325 86463 49839 39248 63405 11334 72613 30747
1478 20
29736 81910 56764 95287 31959 59763 21990 29280 16091 11030 70272 40915 94114 89956 99281 44076 3165 94760 88154 16541
3597 20
40462 30212 95110 43268 15572 44464 11413 10118 37962 76133 90138 43181 26650 84345 90342 82493 12667 73670 55285 59146
4255 20
81866 86820 56287 86341 72649 86205 43634 64636 77860 30433 96564 4701 67242 99761 82795 26711 80831 49819 63616 36939
5172 20
51447 57499 4624 78612 70466 52269 6742 17102 52564 57587 40985 22553 863 71104 45727 8430 24432 67828 5955 32583
1401 20
21662 36831 18325 32087 99567 40839 88283 25313 59882 89744 35776 650 63603 33765 10209 4430 85309 63672 77727 41249
5065 19
32542 28614 40458 9950 71471 311 6870 20130 3096 69453 75917 99038 63892 77520 71880 28703 62380 89812 99758
4271 20
16292 43577 24347 20987 26395 61454 18754 12340 34348 68113 48279 11583 44465 54256 86717 29450 71604 49633 28379 1111
9582 20
80930 79771 91380 49047 71517 84645 18295 65333 72460 62732 76051 38096 57117 15781 75325 82593 26027 72058 68781 25539
2595 20
68600 24051 74434 65394 6211 14294 53077 47277 7402 43589 89403 20237 37988 99774 85163 21527 32210 58789 56102 4574
7197 19
33752 79354 40527 45087 9789 70548 60373 57881 37221 35493 57825 50884 22905 29183 47711 32052 85002 23852 17486
5287 20
25182 28737 85930 45300 80276 27536 3206 10141 84768 69034 3028 70320 7137 74984 74627 8987 25386 61540 6389 78017
8696 20
35619 45104 44776 86267 17085 89554 3876 87902 38304 24855 77630 82092 78115 2284 82577 94634 66416 42488 5076 65791
7339 20
77692 95078 53848 47960 18156 43162 2107 32093 28568 37395 32405 56101 29228 27500 5671 29480 72783 78398 50903 99861
3169 20
81404 68833 21488 88523 47381 91815 27517 50325 39686 21040 45464 14258 55535 32833 61712 27591 28600 83548 51699 97013
9487 20
24335 64606 42850 62805 32525 32426 98040 76083 26750 6038 75819 54543 30970 32950 2958 75389 35812 72923 9282 52169
9692 17
991 12574 90107 94674 59362 89000 4046 53196 17138 49181 6893 38246 70740 10196 45235 44492 95232
3454 19
61351 98346 52330 32422 4898 19304 7321 79703 31384 65309 65984 65362 84783 19732 34871 9148 65778 55062 68136
2493 20
33551 79579 4729 43399 39918 33432 63953 32355 74389 48818 42085 15829 40108 95617 35806 8519 57871 76814 83473 58246
9294 20
42080 72711 16973 96726 23597 68640 97076 42870 89243 7009 57516 37909 747 37479 48181 54341 59429 87581 33522 57295
4630 20
91356 7100 57171 43959 69243 368 84719 84525 66660 28823 79817 94786 7177 82768 29479 48216 47610 72945 54033 67946
661 20
48941 87312 32402 83190 46618 77606 50977 25973 15297 26557 49350 31489 55860 41272 44823 15973 86001 9112 5110 66405
2995 18
21413 74081 1247 34544 52146 43436 9318 19261 18246 57138 63121 30202 52134 19577 30414 5441 84242 5274
1133 20
89093 48670 67618 35861 41188 21741 20708 87020 41625 20269 4635 80544 50898 23940 6023 84375 23045 24559 22869 28103
7358 20
8226 6016 41726 81897 46729 65508 65619 36550 63957 45114 59605 34271 81543 47834 46203 30585 67570 34122 51487 88944
8046 20
19009 1801 53710 47686 67877 80588 70965 59572 93679 13731 35624 53756 23451 70753 48638 89532 9462 52846 51652 16932
2560 19
47035 50332 87694 47585 42077 98687 34286 9355 3919 90653 30532 46678 23625 36243 53012 57157 54891 12033 61536
1364 20
46785 61473 9703 53457 22118 67215 6637 5480 50191 16602 35016 83629 13278 36175 7442 78179 43337 18075 95115 31631
1606 19
70957 22806 70198 14572 16695 443 89988 87052 82204 70712 74681 81083 60313 73298 5223 92791 93400 81745 95307
2830 20
73779 43765 27169 2816 85802 50999 24754 93477 11521 52506 81508 66058 69904 17347 2023 22923 62515 74125 3571 65030
1949 20
24096 18968 82966 71256 98832 52845 2883 63589 5658 7767 96757 99572 99686 77607 75188 21318 29512 46254 41367 1416
4188 20
55107 24790 78967 4685 65716 74653 48855 61295 3949 9443 98086 9776 42996 94512 95029 53254 61376 78816 40737 49469
5311 19
88308 47594 27 73422 85283 52285 82953 37385 75001 71301 41168 81510 56186 66267 5980 26765 40337 31674 76763
3340 18
89643 82696 96673 54815 23964 77225 8177 76201 37866 7453 31484 66710 34884 64382 45755 46621 33191 1489
4275 20
46631 60857 63686 80892 86342 47970 99148 21220 70417 71821 2809 4338 32042 39744 95189 86091 80800 93416 98905 92110
9805 20
54566 205 53462 25462 3203 77204 55021 34639 60084 63350 85938 64975 69928 20438 82251 30928 61658 57977 23730 30299
2611 19
20379 72537 29310 97483 2013 85641 57813 30014 35787 52184 29626 42207 20784 75980 71017 46689 55573 2252 70329
7219 17
30095 80035 10232 61498 83244 65577 8046 79025 99905 6933 52610 56374 81402 95844 76261 46688 10771
5057 18
98302 35107 51615 26128 52320 92737 91836 37004 20724 27485 37723 10394 30101 56288 69573 56493 54671 27927
5006 19
54408 54828 50106 68314 21514 30427 91079 53649 6050 25614 12938 18289 57867 64415 76702 46101 95257 35815 39830
349 20
83215 64201 17897 92378 45706 49971 10212 55168 56492 71808 20469 87536 18167 97265 93253 39545 59352 73350 99807 34171
6134 20
88845 8314 20223 28511 59575 15130 15983 16441 83989 14464 46847 72197 54442 58272 21341 84770 53746 3 93362 17304
1537 20
83836 48693 12074 77438 74527 97801 42729 91907 10681 61374 87307 33275 37321 69114 17099 72268 54007 2729 6451 86409
8834 20
27790 33122 26969 32461 94166 47838 28952 15140 20112 94079 24810 57592 17043 29971 73288 27208 66250 80124 69488 47536
417 20
1989 6910 94957 53611 54617 35858 275 15324 96586 66048 10368 24763 99685 93582 60189 47041 23860 42052 67351 95889
4433 20
64294 46541 94976 51203 51197 53097 68362 10802 54230 12864 84020 27731 43036 23365 63561 29276 19352 38711 66206 66372
6193 20
39912 48885 9104 81647 5896 14845 3566 8650 90838 99532 35872 46958 60882 30943 86553 6591 91125 36402 75383 80380
2468 20
67246 15132 59586 22455 50910 55111 48757 6745 76499 71515 58641 58943 82367 92160 64188 4270 97638 75860 44075 84408
7218 20
75619 53763 17868 42873 41014 91340 51664 46565 67526 32922 9385 10604 19101 45458 68180 21624 7404 49821 58235 88476
7834 19
58700 63472 42104 34715 35584 43920 54148 15667 5965 51735 7810 60732 28688 19199 49481 66811 17644 46790 8043
5337 19
35646 73977 34927 64465 76649 89116 672 64741 78638 44852 25542 89207 91595 62762 39789 85424 21581 83241 24497
9647 19
6639 93830 20992 36874 77077 22523 36307 29392 69201 25354 15121 35547 14951 3723 46419 25514 24037 95318 47109
8301 20
42833 77553 60520 77403 8668 33035 59243 80421 56580 68204 25209 94550 23887 73315 93091 86813 91618 79257 44378 79564
6017 19
47062 81823 80407 27909 76518 24947 46107 23138 908 13927 76080 90235 97607 96869 90217 99079 44017 36596 99549
5239 20
96215 93034 98401 60165 84253 40472 78457 72887 31060 60645 77807 77922 77815 48604 85295 32705 84030 20909 84346 99630
2664 19
52093 54995 84514 69525 70202 65434 57718 47150 73448 47589 80596 57976 96111 31295 73485 91693 60287 30059 39531
2384 19
83871 89392 92352 74373 32593 28226 75040 15032 84077 65527 72828 44035 34763 40514 6258 40138 66377 47168 52570
6836 20
43972 7098 43887 2475 46021 73748 76334 9803 34777 35649 16538 60963 11927 8810 13539 44567 63685 47880 20434 39964
1561 18
30326 71237 38789 92091 25619 18027 58267 92126 9880 16710 37006 87458 53032 16984 90433 5669 37612 27889
7541 18
5324 19940 11479 13215 20145 52966 36106 83579 90316 38348 67202 86275 83095 39512 93685 89555 9812 36777
8736 20
21646 8865 94262 80692 49650 69455 33504 66827 33706 350 38512 16084 85576 11859 90079 60008 5591 51427 24446 25964
3629 20
21168 5750 51851 72472 64501 66715 5300 6044 12758 93128 99147 70113 88364 68531 4753 16242 789 26714 44889 24513
19 20
57153 2596 41297 82303 77516 53043 53181 59697 34109 33832 31923 15417 289 10987 62074 45938 84845 50289 84320 54031
7833 20
48921 80729 81100 15040 75439 28263 13413 27970 13335 6455 25955 76171 17284 55296 951 65603 77924 82706 28929 96292
8839 19
73517 13780 93992 11548 81713 62467 17418 61444 25692 80409 4964 15830 66404 30601 79479 48420 24954 25978 76776
6185 19
43886 10957 64503 26521 88182 94908 13777 85140 80553 39140 75533 1550 81670 50605 47875 53631 4259 92901 49168
7287 18
31985 75752 35972 9724 70999 91452 56179 31373 51665 12943 47716 53773 35538 67875 18785 73935 41289 84244
7709 19
99195 24499 28069 69407 71892 9816 58854 6194 78733 23021 56021 67654 91415 53259 88615 70512 80735 37972 17174
7072 19
23190 95736 17708 39286 3659 96718 60880 95521 23931 52746 26289 80706 73842 28666 14344 90714 96889 97556 72820
1340 18
48422 30989 2184 79385 26338 29399 66307 7179 83278 2239 7227 11220 46563 56105 9369 42587 18235 70815
6464 18
78557 73781 58880 71231 73743 49221 42483 37271 70117 7568 84763 66338 51166 88610 42093 7421 8972 19163
1262 19
59548 37217 91379 52936 12010 99440 21917 89874 28974 81930 93039 89597 60418 97293 91993 63823 15082 4865 76659
9836 20
15151 78858 64956 79991 86374 32683 72558 92220 84746 85288 54368 65991 46523 10156 37094 34747 49563 32046 63244 93608
972 20
43377 67802 47495 17859 27474 16153 41005 15185 22442 90445 2389 23737 60423 42783 67061 2497 71103 55508 54586 35199
2596 18
7317 89768 13673 27348 39432 81132 77235 62448 55132 61967 85984 92388 99555 99463 76435 34838 8770 27542
9985 19
5474 86708 18118 352 81477 35989 4521 95315 81469 46976 43277 39791 57997 13262 94829 27065 44342 31641 71651
9277 19
1677 75269 26618 1404 17950 82049 76296 52765 24431 8730 95698 61344 85535 32901 69537 16941 98478 71851 4990
6468 20
33024 70998 45359 52653 12308 38772 39842 6743 5418 29476 93445 60710 84678 2730 85490 43956 3664 15038 81275 68680
1586 18
99143 64819 81029 6839 72033 75129 30002 45853 9184 5425 37911 98168 70460 46358 59150 79629 91872 42446
6497 19
84139 80218 4320 80411 39819 45431 52642 33968 39310 58460 25232 59139 41187 10431 91704 791 91970 96622 54968
1420 19
76512 27803 26410 18028 72371 28783 88102 74425 89894 20791 11526 24206 24401 46426 80524 39276 82035 1597 84686
1692 19
12711 51199 1643 13679 56466 17111 19384 26326 87509 75801 36480 93036 56858 97683 93935 68516 3721 44581 45606
6258 20
49500 39742 18166 64880 80381 89297 99517 1626 78186 6905 91261 56382 52036 4743 40405 61990 79538 86338 18399 2681
6715 18
35878 70288 49510 96008 9544 69349 94724 95314 3598 68116 34769 21077 98111 26822 67956 75926 92033 1147
7050 20
53270 13613 34199 40683 37230 11958 63853 85014 79055 21397 54619 37315 66657 45019 57452 39815 41269 35575 6540 84806
9847 20
40102 53569 49572 25360 83320 76930 96190 11764 81346 83562 98774 67470 90236 51583 34886 42249 31148 86436 37905 85170
5272 17
37152 6228 26000 54677 14946 18631 83652 52185 49264 37339 38740 37519 79790 44610 8396 50995 82744
9060 19
17460 91847 85768 78524 75184 15588 58438 32288 49125 82115 73534 30539 2832 39421 51498 28418 47744 3631 21954
9980 19
95073 65284 18809 67749 65687 93626 7725 26187 62181 54620 13131 29629 75845 76719 64647 27823 71117 678 90109
165 19
70232 77458 56855 28355 37089 6338 82111 76135 81958 78600 57068 71402 78531 77356 91426 51720 33518 29967 88798
9221 19
76388 57012 19985 67088 26344 74554 24514 70487 25306 52725 29873 90500 83297 88825 86722 93774 8245 88738 84026
6550 19
94970 97138 10051 35700 31067 49892 65313 11530 97857 7958 93066 63103 12759 33058 80912 57286 85050 57527 16395
8531 20
36364 65222 18210 51681 98543 47191 81979 29678 64312 76901 52444 87376 36051 95539 179 1931 63130 30210 45256 31881
8728 18
71936 35203 33260 69082 65433 50050 87702 56671 10134 74374 73194 74978 35881 72584 47730 18116 81479 15654
6588 20
60125 88210 19537 75995 48982 50826 49067 50809 7618 42352 66794 98341 1988 82960 38766 2159 75758 47631 37636 36766
3301 20
25109 89106 1990 31788 96993 19561 8738 16442 40547 4023 4947 38908 19556 92476 2972 87044 71697 17449 35755 70229
7164 20
16300 88532 51927 46932 93598 11034 22616 51026 11250 1665 26683 11969 92743 59655 89788 4667 15824 1126 32675 43695
2253 20
47500 16297 89202 55119 89178 41436 25107 96855 15369 71521 225 16480 73192 77523 43078 40755 97419 15113 37203 92577
7330 19
64336 99326 62727 36096 62179 2640 28662 43214 1405 1190 50827 67048 73596 7272 46124 98435 93978 49032 82553
1065 19
77947 91882 87160 78289 73016 93966 56400 54970 9015 76483 33295 36080 88148 59899 39346 28543 50281 9836 95946
4172 20
93456 37227 73170 61291 64796 25870 89841 1809 375 34144 9431 24224 24564 76277 81230 67135 95094 87093 11279 76947
3240 19
3239 58788 31252 88967 24970 70624 41151 63771 40965 48404 66073 12530 2140 28472 60493 75140 95905 59117 31503
5883 18
36814 68537 30065 87478 39790 85585 31854 46693 52764 4846 84184 64138 83191 7641 16870 43798 97060 5749
3313 19
15087 29810 39101 21240 78315 27001 16056 55400 69247 61534 27145 76838 97791 29372 86764 13500 54001 15393 12670
5673 19
81990 5547 22496 91309 89370 7076 88499 31897 30761 14906 13124 82515 61293 22702 15124 67506 40491 13898 68993
5971 19
29132 22135 38344 22971 30555 74513 36326 83747 37400 48281 66882 70249 29902 46878 26586 59170 89985 17058 33269
4024 19
85138 7872 61395 25713 67415 62073 97843 56000 74750 47185 88984 40333 56147 96867 71537 67597 74278 70994 71113
3364 20
9061 29613 63077 36527 26865 263 12337 75871 22334 40354 12458 43230 44704 65692 89773 57623 18219 16241 4523 14553
3205 20
30243 89005 34194 809 54008 48744 20758 78036 40700 96931 71591 56958 69207 76807 69228 42953 82634 72304 84068 67438
2495 20
66336 26985 27764 47549 14896 65060 1722 45994 76494 4707 22049 68844 98988 36009 48434 86643 75157 92082 65423 86359
4241 18
65406 22983 57750 63342 28901 11817 80956 62174 87208 32512 39604 94093 64581 69432 23074 72229 5812 16678
2708 20
82422 64931 43114 96552 14008 57484 14779 96343 58419 73774 34517 28024 74184 39506 42940 56282 83932 37677 46311 75651
5654 18
58774 55252 49319 47669 3479 26060 89846 13720 26456 83268 59164 42559 80070 87670 3565 10907 8560 94010
5917 20
95004 27465 26981 22198 49539 40222 10382 65539 61491 62847 67427 44745 61071 43678 84627 80670 78933 27251 75324 8769
1356 20
83283 52190 15920 73445 49706 77787 89796 40507 56979 61543 74453 1718 98328 70779 66975 63860 57786 7850 74656 13975
1071 20
32627 95206 63642 6887 6476 40591 24067 16958 95131 95444 51129 54740 72878 71649 69803 58381 18563 37300 93264 15724
6370 20
33734 88380 46583 427 32239 37690 34253 18097 91160 32566 94898 93870 93433 3501 84683 48312 43840 60385 40362 25601
8903 20
41038 78859 97455 2106 57343 23782 18017 25647 68033 15826 34201 36675 85260 72762 57029 99759 89694 97548 32021 27919
1708 19
30200 47750 16336 97263 30138 67395 79508 35718 63266 45679 73555 85474 42746 93112 55210 13969 5363 7109 30026
706 17
20841 2800 13147 33992 15331 28375 2442 10091 9322 90300 1804 68665 20981 96598 10130 21956 27067
3026 20
33065 5173 77824 54088 6166 91727 28839 96927 2743 26360 9895 22250 34292 55319 59567 59129 77345 95553 95428 46120
3050 15
7507 17096 20053 89911 80440 31709 57053 55851 41617 50044 77035 63291 69020 14042 20139
5878 19
24235 69799 76678 98054 26382 66952 54676 31596 99054 40835 77185 59590 74694 44649 560 37761 84287 3227 9243
1008 18
57938 78515 46188 13092 96445 51508 27054 27777 31576 49419 78428 2818 65480 52669 95842 84098 56557 16964
1977 19
58468 30722 86932 74523 26223 79439 89875 94900 49282 44362 35476 80164 58335 30488 64735 67078 53076 93365 43892
4871 20
920 12492 79041 29616 52743 42134 10014 2030 11543 55914 58146 68337 17652 50357 83073 98377 18945 17164 66996 72701
7533 19
22825 20309 49380 50358 12511 37097 32632 52756 46742 54296 52024 95154 70435 43745 69426 43403 61163 87845 45926
2802 20
50397 23499 96771 9668 8801 45811 22263 32041 24226 16711 84309 99840 82962 35866 99134 36731 50305 12886 25769 72496
1766 19
53596 67168 24458 81273 52409 79777 72289 74387 61094 77826 69757 50775 13224 75892 6660 93776 75696 12421 554
1551 18
57630 56068 37223 9404 57225 8504 4790 2684 97317 68416 88606 44066 60973 34746 12481 51535 41567 21609
8397 20
31210 9817 5590 49023 94061 69177 59089 51866 1354 44684 1579 61890 11572 97489 72996 60563 93644 31618 65404 11403
4713 20
7840 20958 42024 16018 72070 4500 47016 6256 15110 97498 15233 2430 70362 79089 18798 344 86903 55232 20393 76521
54 15
67037 84312 25896 13920 66803 72890 42403 52778 1443 50638 97254 81349 16396 49211 24468
1721 18
96680 1328 66601 97360 92021 12941 12706 26762 75648 9681 13436 1271 45900 29998 6368 979 46182 49144
1812 20
90159 89310 81393 52135 40192 89741 97811 38890 66766 85113 78702 53322 87752 86931 87679 65584 26813 54479 78892 52496
5503 18
95677 24958 86943 55199 40308 18873 13043 39743 4506 56070 17089 23775 64130 84016 75005 39006 2403 17310
6871 19
40071 599 47629 87851 67662 31515 12282 59306 42836 75548 36149 80127 74615 74736 16615 59246 66013 39044 13601
1456 17
47366 68541 85686 16986 98342 85133 67018 16266 14939 4361 47831 65834 32097 47245 93384 82125 58663
2943 20
89074 42824 10040 34734 14627 36728 35038 19155 56395 38998 44522 11954 4916 61497 68429 56722 68857 48077 8051 90985
8679 18
59905 24578 22541 53446 4751 72105 11756 72708 31354 8456 80923 84389 95335 9977 32609 91990 69152 80286
171 18
1041 76712 14190 96439 98551 83172 6770 28062 96480 19756 25686 93834 46997 33601 77844 8249 43211 52473
4355 19
55999 62148 73320 57430 45052 87950 1478 7753 56024 50139 81916 51294 98644 28851 13807 62132 26051 47254 60822
2013 19
92691 53835 31217 65444 23008 25257 71968 64823 44499 51428 79480 16225 51244 95549 58155 22440 9792 64668 41015
2590 20
59603 58315 54953 97615 34053 43951 83513 70859 78111 45635 29997 37688 5742 48875 24522 45069 66541 90452 42927 81087
2047 19
31450 16869 65400 85450 16253 81296 28650 75276 7932 37522 5708 956 80520 75223 44463 19298 94556 29083 10296
9737 19
71264 72656 84487 29563 41855 38358 66868 55201 14225 6091 67947 29742 58047 71043 29309 67536 86655 89434 48490
2235 19
18597 56327 81026 65586 75038 95174 47269 39343 91372 60651 71171 90978 91502 94805 19971 4980 34107 31664 24426
2274 20
13812 95580 21433 5724 14237 18594 69748 706 45754 81383 51872 20424 31581 5336 83970 50802 71022 95634 89548 68863
1966 17
96754 69105 79121 32503 89946 22877 83505 51362 78308 57809 14222 83275 18759 44201 8523 42289 60672
67 20
97380 10379 80138 17819 38474 53171 78606 23088 96609 19160 43532 29957 3776 56251 8420 70823 43389 97315 66461 13875
8634 20
23976 42327 34853 6769 9430 88575 87760 36577 94148 48702 37942 45978 52063 35963 91775 54945 69194 96264 91370 84837
6213 19
63457 77424 10865 13393 29136 94635 72552 46054 82724 63817 51875 9811 64840 29045 32725 95472 58212 40932 82901
3940 17
86701 97083 95469 46368 21728 93821 58153 81194 49524 31355 99161 82599 37621 30845 15831 13590 94706
7454 20
33783 47915 64954 70501 69299 86612 96529 60581 40925 36989 4424 65962 17645 2689 31054 68045 78091 2732 62802 96982
3761 20
11607 51684 32960 63048 9296 41286 97569 36152 58738 39340 55676 68579 6914 69288 68646 55714 88316 89142 95687 18111
136 20
59229 89139 44802 13761 40032 91654 56992 80739 30890 62274 59705 77442 58009 96918 71630 26421 98607 43787 13762 82340
6013 19
30868 17529 71700 61328 16065 49022 76634 17024 26446 32039 5349 45116 21371 20248 87377 57774 58394 35095 43721
684 18
76599 59709 47959 96289 89530 3569 18534 62168 77143 76404 29962 7471 6642 90353 78566 17968 75396 63941
8982 16
59681 66278 22153 5325 61247 20310 47826 76643 64244 86490 87726 39197 79323 80064 89082 60915
6516 20
33632 91852 45138 5113 77689 96845 93805 57050 16781 99145 46630 55852 65985 62846 10925 85565 38420 63543 84723 21877
6446 20
26401 15900 97353 66792 68545 68205 46530 53448 69144 69387 36923 35735 27618 83774 98393 35871 99013 78839 10142 58291
3490 17
36562 47025 28515 28574 9042 63597 26325 38819 90057 9197 523 53819 16656 25948 73667 42799 26137
5730 16
24823 17026 97370 15805 99539 7350 37474 63395 21283 34036 97162 5509 67271 69449 91283 51948
2269 20
13151 68373 36013 77141 83406 54550 7341 37632 27432 25367 24443 96431 16400 77337 54049 48995 21349 79711 60244 96225
2751 20
77763 78785 69810 56546 64018 8216 89382 41195 75564 47387 30553 57073 8193 14078 14360 17685 68699 8336 23706 25176
8124 19
24203 92010 60124 17381 91445 43674 16017 73964 63901 96909 47515 64953 77569 20796 74777 9262 42355 69653 93906
6352 18
42358 31336 45271 49638 61506 34590 27570 65044 40118 66726 43860 95531 23511 38972 64329 42176 77842 3993
3459 20
33307 1678 87515 77920 8575 57400 24874 17120 22522 25755 87562 75515 71217 55157 65964 10876 12206 53358 28136 97886
7088 20
94375 8412 27637 75544 27839 21222 24928 67545 57061 8631 29514 10166 42899 58188 85703 4075 97301 45307 42986 23859
7984 19
44930 27980 57104 6981 7690 38861 57279 91557 40900 55615 78896 88120 97991 96995 83098 98660 59248 60574 56008
3130 18
88641 56914 23567 26726 74193 74557 21113 79652 92289 51923 61595 31519 1414 82904 71423 16468 33482 59713
4073 17
2359 68855 46024 27061 80978 27832 28100 15207 74354 54761 55069 15461 10082 63376 53563 26997 42866
857 19
59832 39757 38267 13871 60684 80225 81804 38945 25445 90291 93507 21563 59024 14388 81420 44310 96102 2797 62602
7843 20
20265 17796 13585 31208 40070 5667 9698 99266 45791 15016 3970 75591 40884 44404 31352 74467 42817 77573 38684 9526
3995 18
98541 26424 24720 41186 66268 9532 17806 77398 50498 26309 89267 83365 15730 11629 88766 84043 50262 86451
3428 20
612 47401 28439 69864 36727 51354 44929 88298 49856 97430 49358 71379 56796 53296 25787 94797 87468 63123 39161 61709
1390 18
34984 16486 93172 42695 27045 91844 35068 10923 52498 64952 44031 77440 77629 21207 73468 54901 36942 16117
1453 20
17714 25123 54983 15385 56190 28208 24651 38811 66733 39332 49749 74243 1339 59341 61255 12015 70749 68226 51412 22832
3439 19
64887 62989 42178 39392 97960 31612 20458 47501 64213 43263 38761 47302 55859 82258 10234 86189 75470 50004 91591
8429 19
85646 23975 78313 31461 89881 57694 90302 89449 78878 63330 51622 22533 62183 49799 46195 32858 28795 99216 33232
3250 19
84792 24436 18470 53961 2956 37840 87903 74616 41381 15285 82689 3942 86017 13094 83947 85404 64919 30398 58421
438 19
66969 35391 83889 99274 35054 32649 42082 15813 80223 11330 66175 69232 60434 89610 38629 79345 26861 63712 27092
9793 19
22105 33714 89104 35267 34477 62251 66386 66722 41565 75649 86745 79106 55245 20778 41827 65939 49750 16158 45172
710 18
16156 96023 23589 41439 84620 73247 37706 8472 91857 31415 964 9437 6486 32347 36167 93989 42805 9638
4758 20
41803 61417 26076 4552 94218 63986 71749 2686 74497 91216 47525 54287 2051 37923 92408 33654 24709 23928 99010 84347
6236 19
95663 46152 89336 72514 26472 74537 37495 85494 49075 43916 71100 88550 67257 89011 6736 31748 23755 21997 97316
974 19
50584 81788 36841 18860 95871 8501 18023 29246 52218 90806 59834 5647 34577 44538 75170 50200 59541 81697 52876
5138 16
60787 52796 57020 8507 8238 79360 56052 2221 10533 39655 91315 58099 50843 20745 48386 96137
7920 20
77123 7006 88474 39962 74158 73462 82750 9604 32889 99381 808 5772 13218 16447 22341 77008 12732 89857 42019 75802
2044 19
29958 39554 69029 71861 27066 89068 25945 63471 64546 92294 79761 7230 69976 90947 34336 2766 73699 63723 84863
7922 19
71172 98150 50517 28021 44733 97664 40713 55821 60934 53090 98409 68941 27539 59814 66895 93038 27402 87544 30135
4959 19
66854 38669 8115 81043 90498 18060 63591 34997 69932 902 3267 84925 20512 33020 3639 49735 43890 4300 29723
1963 20
36219 41579 22925 47421 21730 53039 77314 41118 27447 85379 41602 65636 60410 41207 70641 6107 95370 61203 33341 36653
2079 20
81842 82091 18985 87837 87813 3333 10174 9323 47464 49627 13037 60294 65350 96654 24382 58472 72866 87657 49369 22275
6976 20
81336 89056 92586 97336 11231 2163 56081 92699 97119 69510 89120 74902 32712 66507 34239 26150 60936 80822 64849 33516
1557 17
3194 79620 23157 2858 11168 5566 64895 5543 85028 49134 8127 13668 60485 657 24504 69284 23294
29 18
93750 80532 77682 66311 68449 12708 33042 69361 80009 55674 33336 68691 77350 99675 97733 50056 23600 69534
3320 18
29761 29547 74031 34399 89313 48480 43708 2011 70630 90812 11026 91490 30588 20553 7118 91773 41739 1967
2610 19
1382 65479 61304 49113 77032 48043 39325 89240 66708 4174 7820 74761 25060 53356 30494 52297 11071 10458 48745
7525 18
45561 97017 25477 26753 86673 42512 98220 15870 90166 52997 97906 29807 45917 39591 88013 47337 54004 69856
379 18
60701 50125 58268 83468 49135 86948 97853 93399 40299 32075 6458 48493 89172 39454 72588 64684 47267 97232
5194 19
72849 22716 74765 23063 2889 12776 75220 40763 37746 4331 39900 39995 48164 52841 73398 44834 80453 65781 32863
3979 17
23630 94197 93216 45443 10049 26728 20470 45508 530 96016 64361 92409 9043 74542 32274 60135 12753
4350 20
21419 22032 92255 69962 47931 37207 11799 4891 47900 24984 42829 63922 10101 4595 461 63488 11263 65685 74566 19095
5551 20
2017 82686 16393 42531 49872 40140 25876 2528 46752 53504 96884 2612 12935 42489 29773 99068 69726 35382 61909 30948
6851 20
7601 88250 6744 10565 53761 4614 88064 75447 29042 34749 67363 13616 20274 58695 75112 19728 13606 80767 89482 10621
2892 19
51425 30672 26190 51820 85247 50451 37513 56667 55996 15090 20135 74543 20815 53745 9474 4658 72634 10531 69949
9 19
83907 31528 35949 67053 38744 75171 90178 23584 64402 83380 95375 21205 15538 73654 51373 91115 18888 32264 72742
5608 19
55890 27604 80523 47547 83487 77152 95222 91541 5011 66487 77270 88551 25460 31736 81161 19034 72801 31023 77010
2123 17
85609 51924 84055 39376 68382 73898 32089 62090 15956 75107 39169 49792 92894 230 82833 85395 24924
8216 16
32105 12800 75569 41639 72153 3401 6182 90654 33097 67878 83381 17942 64032 35489 18963 52474
1991 19
73953 60564 68417 10423 48448 94371 74190 5893 44969 85632 17969 39228 66087 64320 17214 86998 39315 19294 94589
8902 18
33301 22675 45112 94621 37332 22065 32830 18407 60157 38268 42818 24014 40132 39516 45574 96807 63862 31122
2005 18
95397 94316 70907 19293 94802 85118 26904 77068 36257 31161 17246 65171 97916 78552 21358 57394 84815 83642
4828 20
19797 80928 94398 54907 45350 91043 18825 91838 24457 30359 66981 28147 51609 80393 32776 41459 24202 44288 11114 21408
2804 19
94527 87397 33230 75044 15559 70212 90984 59683 31996 99331 58257 93924 3882 95493 98398 21198 33613 60222 99392
7841 19
53855 51679 13603 47100 18316 24318 59880 91832 29602 29245 38953 73346 48987 34294 17413 32406 72893 40280 92195
6702 19
32460 89309 25794 18442 19296 36390 25065 65657 45821 46273 22817 75983 76843 41999 8808 81785 93166 63639 50753
5873 20
51111 42960 71845 52916 49162 80581 64148 25664 54746 72106 10884 31494 34432 30683 68214 76811 97334 11228 45383 26816
6683 20
10427 54273 98182 92097 40642 77971 93585 53939 30537 71803 15737 20575 65452 61531 83197 48767 31128 93888 88756 34842
6633 19
3560 97717 48990 66888 63971 78792 28747 27148 23120 50672 7343 13722 4861 71810 12603 38820 91131 46796 69673
9821 19
53120 63208 39547 63571 59651 91297 32324 21714 93674 39084 58818 47720 56717 81806 78544 13743 77756 98068 95071
4646 19
64540 30050 57217 74853 8376 87555 47445 36223 73883 20136 61007 99991 61592 21572 89107 37218 89958 94651 52237
3677 19
68410 91765 20528 83601 76319 29016 53283 10506 70927 31189 41247 44734 17520 59578 83843 41096 91475 52122 26387
1683 19
99563 97826 26994 71602 76241 69275 95226 11831 55987 26936 99745 62990 20579 87175 74641 24291 16740 65612 28803
940 18
72872 203 73224 43922 55490 73878 25850 8358 68470 17014 68463 66640 79126 58470 24447 12464 55980 34688
3038 19
77961 87132 35781 39108 74535 69583 39175 6670 78023 15187 77621 54771 6021 85081 42724 15116 83715 87299 88556
4855 19
21275 49002 1671 85241 54726 96302 96900 61253 51015 44135 42704 60112 68090 48909 46226 50795 61824 74976 66955
993 19
37640 5913 15551 93522 98506 73163 73605 65658 98571 82869 96099 1939 76936 61584 62743 3923 2896 81791 83276
9951 18
30746 79279 99083 23612 51430 44718 29724 93979 49895 98805 30497 64155 77165 50703 75166 50730 6896 83863
5293 18
77256 63548 35732 82871 35175 50072 47308 9922 51538 53413 84325 10206 59325 91895 10138 47116 32663 33515
9290 18
84181 50434 99620 3626 63811 15785 88353 81724 74643 73775 9037 94183 44351 83509 51600 65867 55166 83723
3525 17
60690 22992 53202 39839 33222 88124 26248 28338 9648 72796 5122 89782 54655 97816 80204 11729 99793
9785 18
94109 31183 33629 44001 34944 59260 3574 80556 82138 34697 90252 43724 25684 53629 18022 42219 21399 6695
363 19
31948 37433 80368 16716 11267 97712 78075 97688 96606 42838 90068 53736 90484 82794 53122 65294 33729 40487 66598
2373 19
92511 95985 99184 91996 57460 60194 5275 42763 81065 90410 29834 80114 79075 60599 80700 90475 33766 12505 2562
6262 20
93060 77843 36002 70207 73243 89241 98920 95424 65048 26480 31805 94372 31089 90285 15210 67794 69858 27910 79897 46852
8345 20
82423 48534 68835 91466 26350 85410 8689 8265 16200 60517 28727 8424 81178 86617 81694 84526 63738 60500 53372 12395
8181 18
82963 39996 15098 76450 45999 80560 83126 49564 34337 7259 52171 23141 74272 59532 29408 37489 56597 40430
9094 20
57019 63761 28875 17127 68487 90170 35256 86300 53621 55849 15487 13876 96695 4986 36772 4512 46268 75717 89783 62949
9524 16
83217 99830 44681 65932 3758 65628 66411 7908 60147 3388 16967 73040 24288 39320 9486 1466
6368 19
90879 70116 78818 57167 33864 67879 73608 97682 73317 39583 11775 71238 77728 40840 99559 86003 52160 85750 52652
9760 19
54485 74169 31786 22413 10930 70395 18717 17563 37745 13954 88970 24160 79470 74916 36057 55041 88640 14682 91632
3333 17
13790 60774 67485 8836 62736 70240 85361 50040 82607 30503 15281 80563 82161 46745 58261 3656 11737
510 19
36085 14700 58361 68384 94691 12979 16880 52722 64848 39147 61597 32718 26530 78369 93514 59844 17887 35139 24451
2052 20
13676 51552 9028 23868 35474 24808 47943 81526 9021 17373 19915 67938 79375 67046 51723 41650 90795 23671 4242 3675
9051 17
59432 78181 34089 28675 36707 13561 1436 94431 78732 81217 62255 90296 5714 29362 20347 13356 49720
7512 20
26310 13473 74 35094 60390 32530 8122 90572 88722 64121 25400 64757 45226 2705 76456 50060 76140 50160 93792 63912
4387 20
58918 94306 31932 40894 87709 35950 67898 56953 13442 5374 25562 72096 9395 71236 65472 72884 58327 99666 78543 40262
2085 19
83913 46555 45864 98841 6019 24199 12027 7175 79526 19455 55503 84 40109 78571 62580 3332 96920 77445 14537
6308 18
38732 53832 45244 2258 16608 56498 4782 11425 47154 68990 62336 25966 859 66270 14582 77109 11093 36656
1349 19
28366 22375 94002 45850 11511 19353 74174 82237 75381 17539 56202 42110 32056 50069 8164 86640 63894 44508 75694
6434 16
25211 79679 90219 34038 2064 14436 4863 38388 45662 97465 7861 59379 49944 37088 27435 17763
7201 19
75421 1870 46664 33173 97303 98275 95419 7886 71207 2668 71365 81726 17893 5891 54759 23777 22662 76802 38846
1308 18
42684 98811 33440 99755 45173 63857 49382 72568 69792 42318 96708 47574 24003 18345 54475 78234 94006 98799
7229 18
38439 47866 74080 51104 56069 92067 60416 82779 44285 50216 33772 23014 23023 78364 81355 26951 77985 83214
3215 19
97697 28626 87224 87041 76153 17979 23408 85996 45484 94834 56506 16565 29694 9127 56551 19258 48973 12289 85233
6371 20
43838 71975 42036 85169 81901 64705 96124 83832 16378 27141 37767 40283 29277 11657 2155 72420 74896 47290 75638 65974
6977 15
66128 32183 70449 71114 50143 75975 32393 17293 1942 99975 97203 16614 48057 70124 99006
1556 19
27036 31645 94060 19297 39198 6231 10303 26954 91670 70486 16757 67871 40897 99500 30508 53033 82565 18307 74855
245 18
12185 19063 26545 49980 74282 42277 67961 9366 35988 85377 13505 21775 43905 33358 95513 21579 93787 82311
7078 18
6535 33797 18627 83541 64421 29359 2187 26141 51012 73397 74044 43578 94088 37913 13571 61642 64525 65959
4474 19
98925 8893 83084 60352 14861 18280 74781 68201 55416 35074 68386 43774 85556 43219 86983 97113 27083 84418 96342
8512 19
90563 84517 61951 50550 31080 48083 71883 66669 73787 10582 31687 84473 53362 93377 17812 95155 14183 86828 24515
6897 19
56907 95402 83304 28038 71074 14860 10856 3932 87937 54263 6564 43423 14925 48793 75602 16476 73295 54084 37550
5604 20
88745 9206 98615 83808 9978 26363 26512 42354 3229 21085 83291 89538 19539 63689 63423 74267 60539 98019 95456 75707
1618 20
30016 59773 98289 41190 34808 30245 87687 19733 97250 2216 37148 89628 52505 39408 59552 81907 27330 43601 36 16210
1045 20
17105 25087 20595 95978 77344 63622 90560 21886 41485 54028 20566 44114 43439 87873 56316 91949 29992 39892 38313 49560
8727 18
27508 26077 84050 14292 78207 16316 16388 84266 22394 85539 90270 76113 19231 95019 37728 46623 46263 29925
6494 19
30194 64829 9348 53878 77928 80346 97123 2151 28094 94762 85512 23923 51811 5085 75832 89155 79855 98417 13956
7739 16
69544 11215 42148 58625 67403 93056 43944 96318 18705 19893 35185 34932 20740 17861 91052 14132
7567 19
73283 82185 34472 95613 80550 95481 70694 43419 27587 61604 57559 4547 72519 84061 26377 19642 81367 61202 3780
1906 18
10481 49715 26068 28221 4114 57508 33200 12108 56452 71320 94019 64520 14576 39267 41627 12547 47343 75392
6327 19
75885 69984 28670 17312 13024 29164 30559 4165 73051 54813 85312 81507 30031 18304 49531 20231 97058 44738 17976
8939 17
25643 55908 30787 48457 13825 44654 41333 2056 76353 64537 80457 49303 26599 57370 66328 6110 7130
8006 19
60392 62620 4818 14832 41921 48008 99907 84046 79417 18103 24175 3051 5618 4207 91501 5148 92461 3696 11358
2023 20
44072 19183 89505 14117 10811 4709 71120 68558 68773 25754 65288 65821 32472 29948 80121 3966 64230 17888 96004 16809
9819 19
42238 2436 95822 24020 67391 69244 89719 74238 7682 93374 83450 62939 51889 5316 60785 61198 39433 85430 47311
7927 17
7036 88265 74770 88206 76771 88463 86458 82475 63522 24525 25715 80715 54344 5753 2707 33496 70707
1726 19
75490 75996 73610 84172 63258 28478 43904 5840 65232 28713 16183 96499 3281 47647 20072 68987 39951 18466 58299
3156 17
60921 70022 41816 44433 17659 48445 93278 41314 20300 18056 82727 50115 5883 69169 68184 43827 94725
6475 18
12560 14540 73577 651 99870 23436 66303 22107 65414 74108 76975 11868 5887 76173 58887 11961 53368 37398
1204 20
691 88684 78355 62670 97140 58673 11271 6582 12557 64777 79823 86720 50420 91388 54349 27545 29562 11677 31487 85773
3376 19
52944 45742 46074 5317 4966 9500 7997 27132 5472 69567 69095 33396 43711 80503 53369 70632 66007 44679 42109
9561 15
84354 18515 75539 73363 30124 82360 68025 1847 46612 68202 12997 79246 23252 88051 84165
5498 20
16055 32421 18596 90750 64137 37239 7012 69515 91118 68332 82501 49611 41495 81710 80265 67497 59315 49936 73984 73460
5864 17
17286 21317 42196 8476 43119 15566 25414 80337 68544 59944 21909 53152 92453 90621 13095 64865 99285
6650 20
89954 95778 89785 61723 66902 19097 65651 20578 24654 71887 45180 48965 76938 48680 68771 42801 35527 40209 39747 48210
4005 19
10721 5108 17846 26570 71579 1005 50223 54756 17722 76007 86819 74340 53431 28436 1828 65563 21799 70546 48175
3092 18
56358 18211 77378 41758 28130 30594 53688 43220 52121 52667 31908 30153 97590 45266 68998 61478 76547 85027
401 19
76985 17057 76566 56920 13170 58449 2236 54414 4749 45239 13769 26745 61483 75380 48257 37875 88244 86633 20960
9373 19
8126 70583 11392 75104 63585 38801 86777 26149 12790 47709 66104 43687 67642 30136 71619 14100 54309 8685 42278
1378 18
73543 96525 13891 831 20750 54234 97441 59220 49120 69497 74283 99042 87112 23194 63363 60280 36275 76664
4951 17
60464 83976 54317 96872 60946 17168 17051 47056 80866 4648 99435 84586 9077 81802 97325 58531 79988
7839 19
53652 80364 56161 24635 33866 99122 60653 74508 26812 94038 16484 25222 33645 66130 4628 13704 25682 99997 67734
2325 18
72250 62375 84942 88131 164 356 77998 29651 99729 78626 7115 62261 9016 89195 28641 96724 99825 67783
9200 17
95783 40998 49335 23736 5786 75076 72874 94798 26733 90870 81025 86219 59635 15517 8628 13319 23611
5327 19
42237 88264 63407 51877 99218 83701 77762 27648 28744 45937 9908 90862 94202 12826 71382 82095 70315 10520 5678
8530 19
11503 81373 87719 5892 26138 53582 88957 32631 2304 20859 16064 42760 19448 98024 99723 22968 96213 27044 82458
2287 20
37959 29041 76604 20311 9081 19265 25463 53458 14370 43334 19960 28412 11353 76323 79671 61029 43938 28578 35555 67123
4486 19
18005 32414 2710 98899 58740 32430 92910 85850 84361 15357 62927 79014 89647 88634 7655 32746 64356 66033 3231
4921 16
12409 15197 68273 35437 5410 60328 1884 67308 11288 88129 30649 47298 78077 60828 39407 49225
4449 19
98500 83404 77964 94003 46057 99456 78847 97606 71679 68749 65525 74759 25783 78519 37354 58512 46169 36067 19175
6152 14
28053 5991 71306 14160 6747 94538 6315 3713 75597 71362 23049 16806 24180 33034
2245 18
36444 56187 84864 67617 90681 98067 30853 72375 8514 20952 61596 93361 50798 88986 43832 47198 12183 3476
9007 20
81262 60182 80618 14445 4163 59658 12347 43561 14134 20795 44806 20561 29593 80807 92554 35901 95500 83338 84699 5882
9926 19
60582 88696 93284 90990 60362 71798 78372 83446 47992 61502 56215 85636 31119 84581 64989 28125 81947 96756 51440
9855 20
60258 74200 83257 45533 55738 34698 84226 89198 14014 94033 64392 21342 79077 31629 2999 56073 18568 51479 24583 69233
6975 18
48375 11224 14249 24245 10280 46325 79796 93470 98257 75636 68997 2698 40852 50699 99874 2149 88140 94171
5202 17
18250 60356 31782 86155 19273 21096 65496 84690 58369 62898 97824 34541 24818 87187 84619 70761 15311
8509 19
43691 51038 28184 76382 1031 19652 20134 96577 16006 29118 71242 36537 42005 751 18181 22417 56204 95215 84855
6606 15
5144 32002 55231 83662 40500 89288 1236 40239 47923 28087 63240 92191 40103 53170 4697
4184 17
36475 1551 82837 15792 11567 45924 58215 47980 47461 44194 79843 58960 90703 34220 80079 93881 32639
4286 18
68496 20151 73082 66223 8873 36066 24471 98587 97766 68748 39682 25702 74607 37881 30247 19737 36134 94078
1730 19
23635 31005 29521 14125 33137 3985 92916 96830 39910 60663 19580 68670 72761 83809 62644 2446 61511 24367 14141
8364 15
4091 41327 72560 81998 88838 97319 11546 24009 12066 96410 97865 83689 61859 27425 57450
4532 19
41083 93917 64100 91673 5467 30403 46561 69266 27178 71134 72658 97706 2569 42493 9004 15673 95218 92946 92526
2133 19
79336 39173 69866 84982 7945 72393 59925 75835 39353 31861 68269 7723 57028 17531 83293 51902 18093 74358 33028
3846 18
67435 76291 8076 82743 46483 93944 71346 75070 21906 2396 22221 4354 63839 62066 66810 32416 3956 46091
8093 16
89863 53286 34533 84931 1934 15847 3141 17236 5675 11320 97945 22993 46747 39976 35669 18541
1661 20
24511 85544 148 52131 38934 31834 63329 54200 78657 11558 39745 99581 61243 51298 24792 88907 35534 41620 75322 86486
7044 19
68706 5434 32077 19378 7181 1137 3822 35737 95244 31924 97215 80696 74382 64793 31676 2768 40101 47887 28427
9360 18
24107 21817 50690 10309 87026 56144 78325 80313 5046 30705 90434 65510 73221 34983 82589 53414 61639 79495
4178 20
47125 91807 32197 75232 74890 49630 25652 69147 66912 92119 35827 34756 42297 28486 66613 27491 25170 33825 30797 4458
6805 19
8175 5852 63182 87313 12103 12320 4740 21120 83178 49444 72651 83935 6252 7080 96088 51279 85071 20240 59020
9577 19
39698 5681 2887 83169 49745 82330 77890 35161 47865 67762 22691 61011 47131 83488 70471 25852 21792 32744 81441
147 19
85475 37898 25669 55169 77014 37483 53926 37740 14550 52718 63425 73296 19749 94927 22178 10586 68662 35845 88118
1965 20
53425 59542 98994 84680 16874 41962 5083 80861 42917 8328 66213 68267 35886 9483 12248 68900 77409 12158 82661 84494
1803 20
11354 55820 66257 6187 40407 20220 4746 88812 30171 99296 99959 65450 15430 29714 49557 60834 74092 90642 4666 39287
7778 18
36990 29778 88405 15216 5864 73390 50991 51192 2459 59063 50747 94425 14991 61798 33584 42265 51033 43455
8717 19
62598 75814 92231 85591 561 5540 15790 37199 92915 5045 15628 16116 32028 79015 51551 12431 21379 41006 58355
4130 18
833 22451 15410 34188 86176 14511 45861 41392 15077 71128 59238 16453 84359 50355 17389 75000 23382 52884
733 19
74547 79180 92724 39705 55817 92955 86454 49094 67770 13284 65928 10133 76251 80266 83833 95415 66261 27665 5837
9596 17
68283 28257 92897 46877 36022 70628 62020 82845 83745 36722 52255 74803 24317 6407 58817 51612 83441
8492 19
17683 50772 97644 559 1799 16249 51312 68276 55838 80257 52401 17689 23108 42043 9358 95341 55423 35518 48367
419 15
50235 1346 60744 38240 99886 82453 18565 83146 17054 65285 4736 38525 79506 36273 49040
6741 19
72490 2793 75653 54057 67631 37771 88703 72195 80958 35352 50053 9936 65519 62404 4192 97324 65020 87355 88928
7760 17
34227 43704 1343 372 44571 34118 95709 97709 65340 27226 34935 63035 39941 73282 99834 79031 71543
909 20
89774 1692 42366 87173 17502 33171 23621 27663 24854 75877 65927 51278 94417 31093 87262 3975 8163 92502 53707 68062
673 19
73053 37068 58881 17215 46508 72520 50079 96349 29444 44256 93437 59134 42583 92933 97092 20178 4694 74144 65306
7075 18
26973 99835 92121 86304 80133 37195 2387 66289 27107 91201 71055 29624 88983 17920 52111 92755 69741 753
2065 20
97799 32432 82327 80974 27879 97684 81298 91884 96522 72615 86063 20447 93607 57532 55547 75472 56967 43614 75920 68313
180 20
22770 56086 52970 71005 98128 862 79716 3243 20863 72660 75870 84541 97815 53633 57753 65750 31588 87213 35394 54866
3406 19
39556 22649 28551 67680 2525 55139 82917 53507 3749 37390 86556 77535 82683 84299 66604 2838 36740 33196 91345
6793 16
5382 74394 79152 6450 33019 42097 67385 11329 35889 19311 77295 93306 57183 28348 17817 31062
6416 18
92349 45119 10158 52550 57172 15413 10699 20964 99308 16620 31915 66830 95684 56390 81253 47968 90005 74318
7092 19
42777 47563 24410 40561 51913 78613 94096 93133 87291 63367 33861 70064 63378 23563 36091 34427 43485 42356 98147
9469 18
31650 99494 62718 43010 35641 11627 33135 78113 31485 30660 4172 39753 90241 47485 8036 81909 24870 38285
7602 19
19354 16194 57756 55866 51179 92992 68971 35322 8564 73009 69532 35406 93420 84010 24569 66308 62940 46366 20107
6338 17
99700 12190 60792 87196 95615 14542 90076 24605 84191 50679 68607 73241 28228 45550 97460 85867 87956
7444 19
27771 80241 342 47632 92427 86532 85715 1106 19481 41361 63381 85502 53247 53008 6184 33052 42359 7870 31409
1302 19
59592 80925 70175 33320 30149 87842 10070 11106 80549 36161 78333 64725 77959 52201 60380 10683 80169 86249 44582
1331 17
69820 69818 38127 59676 12924 25333 72124 53581 3541 86946 72349 81015 31281 36055 41770 59974 82656
9141 19
96702 19923 3131 24182 28760 52412 44401 187 24181 30393 54002 26705 88834 49798 51256 21194 67421 66431 41506
3851 19
39971 77962 52840 95097 2886 50622 63080 93541 68778 75529 56534 55857 38306 76669 55910 94392 83123 99995 10676
5620 18
18124 82065 53935 83182 73353 81003 64610 91141 43796 35236 21757 25599 57909 7954 47479 549 11003 44319
3815 18
14465 42691 7154 46480 77166 23933 92909 61699 17945 60964 32339 4154 18904 51966 46374 34414 77528 63161
5314 18
63099 40091 92194 69025 25262 64822 98446 83466 99930 830 67847 38887 9312 58746 38435 74732 53574 22374
7747 18
83130 59915 75420 60059 92543 71937 38767 48522 8911 42904 96160 86558 38585 63041 30365 25528 23214 86636
4246 17
79660 9858 23821 75618 21451 8708 4405 84822 32000 66005 53527 42037 38259 59780 67222 81796 64689
4717 18
56201 65413 2654 29078 36568 51880 3319 86264 67252 43891 61195 61563 81351 28190 26828 49956 12998 79767
4775 18
39341 78072 63833 80663 3796 51815 30257 56806 27594 44376 18438 82844 76773 46064 22934 24571 75465 40231
3220 16
8620 19603 27113 94160 90438 54555 8025 20613 82464 24106 47995 37185 54061 80587 54112 50392
5957 18
12683 93648 73285 16118 9519 14059 69655 92937 4178 30236 45400 7362 38263 56863 41798 15857 11601 69754
582 17
75488 59914 14208 85600 8310 52278 42420 31226 50482 75501 47118 6853 95223 37301 17808 55321 1547
6979 19
89839 41474 32591 40294 57859 71799 71246 93347 41412 21211 30325 25493 15498 8991 43631 3425 18600 22906 76206
873 20
99080 52468 26751 7037 40448 74897 70023 82000 35992 69268 58891 20673 55579 75970 92375 74841 51555 72629 79035 18274
8099 20
17593 79468 3692 9270 27412 56783 31370 68658 70865 30841 57619 90324 62421 22224 8566 26491 93601 96664 58652 93657
5583 18
63516 53929 79473 4516 68806 34270 59162 90531 82006 8187 56583 7432 44755 45946 31047 26392 34931 21855
4192 18
20439 15914 23977 8220 21650 32697 2994 44188 46225 50428 33208 65987 81774 23617 84687 54038 74112 20647
7002 19
54429 91709 35239 75234 50958 22331 51230 21175 61501 84701 44080 20431 65327 70547 28906 38729 33692 28610 34282
1486 18
26716 11094 72111 40667 53225 78407 14278 72607 13851 18832 44282 5811 39766 65666 12250 79319 35907 96627
244 18
43784 50970 51630 17087 65886 3219 38566 78929 48079 59760 45461 33480 93849 79996 51324 97936 79153 68514
7491 17
32661 60681 24104 14389 29611 21049 67568 89044 70505 75423 25513 39338 6316 43424 48935 8221 69142
4089 18
56486 23728 81364 18207 33144 73720 92034 99157 41204 10863 73313 80200 28599 44781 51237 17923 90666 8625
2305 19
71856 41775 13779 51651 34646 97576 68432 68312 74346 8465 15683 75993 38883 29152 67030 89882 75577 29008 65640
9694 20
39193 13030 727 42564 26048 87914 43383 87868 7128 97485 37977 88832 82890 21515 84433 80977 30232 35226 87803 23054
1656 18
93771 35245 19251 61273 25507 88168 87475 86226 72509 24609 1053 44711 43936 37811 60616 23470 65224 97291
3526 16
69986 11688 31730 23684 58112 4962 88159 55524 11525 98517 35922 74056 76640 55256 41057 18404
6420 19
24532 27802 26901 64256 99289 49121 16487 33427 87551 37419 85449 41874 75090 49578 33493 71096 12422 30337 92856
2120 19
8330 45676 91636 32807 87999 55334 89467 14858 27749 62799 87368 20872 39190 66499 81680 55294 71420 18121 97022
8605 18
38570 98018 22204 38287 10740 17385 30003 81815 35970 75181 36304 87023 1781 71793 5247 59953 74215 72846
1732 18
66346 85095 77835 36969 86390 42712 79532 95742 51465 83200 20354 35228 81321 69460 13456 36844 59602 13721
4813 20
53605 80961 33887 79227 94508 92336 33141 80938 1619 4381 44893 81110 48889 56513 40613 80023 46409 61968 4925 70504
2541 18
23352 96147 57554 79040 25662 73929 12444 32094 41831 12038 54239 98796 43459 29965 19302 59039 14967 5197
2607 17
59797 66276 68756 50563 60773 20853 19986 26259 48538 21475 79583 74969 41352 14038 80190 19021 52364
5761 20
90886 19707 82127 82537 22202 10195 13204 17367 70757 59747 7101 77951 58793 51586 90546 9465 83633 49440 58848 84117
3686 18
86381 3504 4589 64481 49658 48373 67725 17946 48264 74785 30454 47652 8515 5290 72494 75781 85782 1455
7309 16
3127 4824 96155 75669 81415 23223 96211 55667 9204 97897 21771 52877 96743 92775 8224 78598
8756 18
17999 44764 15971 15188 53389 93872 22740 84328 45601 19581 74209 83632 70083 48639 95195 23174 1955 58903
2737 19
1780 35484 13839 78710 64827 77444 89450 43703 40330 3905 46156 80130 33748 31512 9560 3325 25708 87118 78758
8493 18
46929 67179 23222 52495 64870 51494 33816 98137 28829 38151 11529 46814 39706 58613 82670 49013 19203 95865
